0	178.58416252425096	106.0408789308936
1	98.3364911256803	64.70161925451129
2	85.84873128377376	53.815111341445295
3	112.01523695895304	71.0846614892913
4	93.34485516027875	60.17363380302166
5	81.47943818981973	62.05464051932135
6	102.77804941019828	59.20116778575524
7	80.00596709015096	56.26958183593281
8	87.76157092594075	61.361232839839595
9	90.82069092551095	70.62680768718319
10	82.01999602203848	57.86685858803563
11	69.96301693786376	48.068425071990106
12	72.43162034432048	54.648562569696246
13	64.99807784544623	55.748686399611316
14	58.00669772044864	40.97591888103811
15	66.12117644466453	44.88141143218408
16	54.85360016482707	35.90914053480204
17	58.31286389016213	37.13281990711478
18	57.21547039230784	39.86685570671083
19	68.88417735899567	44.048063657077
20	74.44858999313884	52.29003992078968
21	73.56279602116933	46.470964904301994
22	94.99588083267052	72.88229981998266
23	73.6947199684026	54.1831325450568
24	73.86697632207762	48.53315267773874
25	70.50788909719373	45.855901324703645
26	63.078377152858224	45.89655152615553
27	73.55609012749264	53.77066516363732
28	98.26730521868078	71.97116193309236
29	69.69509118578526	51.27087933402386
30	65.26663926406219	49.032926997792316
31	69.0774827205083	49.83682718905889
32	79.6892187496926	61.855112831519506
33	65.9869285845896	50.19218851702427
34	64.42450072117568	52.653500020976196
35	74.01909636453618	63.86289569555477
36	76.83946061727188	61.31981378450763
37	69.42089723218778	52.507978444443
38	74.85371785250169	60.544842474130014
39	65.44241162305062	53.28764805971013
40	63.03524273307073	52.203520053149376
41	68.24292135225008	56.31450156627225
42	73.63492680258504	55.44911197136701
43	84.85804313489022	70.33794012426385
44	74.77098446537806	61.35511669981846
45	79.14408970202155	54.91292013555306
46	90.51856782928104	62.47094593135521
47	68.96712384466358	48.089787663010384
48	76.62864401113046	55.922956898791874
49	72.22420200729896	49.19286385329818
50	74.03141587997632	53.15403675016701
51	78.91619303163951	59.57933322300087
52	87.51059889107529	62.490335848658205
53	102.73439606377903	80.08106608591949
54	72.05493766500165	52.454057067622436
55	81.65124316531723	53.48419709641462
56	84.17889053010268	59.20758032150925
57	84.1828411676498	57.5467438356901
58	76.27566196893426	57.58753160683493
59	83.78415315458713	59.550639898942734
60	91.36070486122675	54.37203870366671
61	84.47701785152019	57.597659168381284
62	84.0293984495222	53.39432318110677
63	89.88188208639919	63.26205254546705
64	79.63882035377749	48.931123618814105
65	69.49402095914452	49.6483603249215
66	80.02526632233628	55.36603025012645
67	105.13391837231345	80.39153445646946
68	72.77598521947449	49.35724945138324
69	79.33963615327579	46.4488786736284
70	79.1769061473611	61.127403612638986
71	86.57878197438734	65.68281163511593
72	75.62004788333479	51.52896034430161
73	74.86457425692639	59.22925565321759
74	77.58220063007549	62.316275504511836
75	81.078638112742	66.11580684593488
76	73.91711671420325	49.07947447182403
77	83.78446515606215	64.02028516164825
78	84.20270570760485	58.870647732822334
79	77.27311598460918	58.538093561023196
80	73.63989174997191	55.134382754756075
81	79.30672309481018	57.171517862282634
82	76.90192081981198	55.04137693721608
83	73.8927281675602	56.02282093882415
84	85.3519420992093	67.93478477844519
85	72.95657251970181	53.50464208740258
86	80.22039772756092	65.08955035810327
87	79.75767373359226	57.9469787230239
88	71.60597666494282	54.72943704446246
89	70.53988051149464	52.20530399366201
90	74.96544798121546	57.29796068336389
91	95.12247207779328	71.18857131244158
92	90.0769293746409	64.63502171281326
93	97.61628627460301	67.38835399517818
94	88.94169396300899	67.12307876141456
95	79.80415691984085	60.64786666849338
96	90.81699043226159	71.053129208862
97	86.96044913752861	61.86382365519979
98	82.09725188530874	56.517856650554975
99	87.94369654361695	63.99862609235616
100	85.9569944239911	65.82878492318677
101	82.65698759109196	52.60439677063276
102	91.27512563601401	66.35575645856088
103	81.23430388972332	61.490788838148944
104	79.2788368942923	62.057563457935515
105	75.46866164535295	57.2948838566952
106	86.35175970150816	53.93956775916102
107	117.10824196921811	81.13605460353114
108	82.44537121257403	62.50356758826275
109	84.58939816313246	51.94989122826023
110	86.28386438776415	55.55727462488257
111	87.44170631425065	62.029260447238734
112	103.31431215261497	63.658983777787725
113	91.0739327786097	55.50846641744543
114	84.01637106737984	55.99619293693253
115	112.08838698266105	72.99306681214874
116	80.35793868994189	50.172323293572894
117	81.16728617662632	55.21730749962105
118	138.50145982945256	93.73621725386133
119	85.14176911920687	49.49141459757665
120	115.8938056481603	74.75577352612805
121	76.49267765202534	54.82440357266278
122	78.30699648433713	49.69736918480599
123	74.02851546900119	48.126268790620074
124	78.40504107644986	47.68539728233292
125	86.1303501370257	55.05015508327945
126	106.90286200835885	76.11892441982548
127	73.09070275335277	50.268361977884226
128	90.02866845157534	58.37138871862092
129	86.87503242931598	62.420658909367
130	93.40675979052436	64.77251807492175
131	82.92897664704219	48.59171294586449
132	84.93705379776964	55.800268382854675
133	94.2548758866301	57.03442006413311
134	89.2973414688278	64.93663814553798
135	80.10662488432199	51.16084074553889
136	87.69014646826311	61.850638678085716
137	92.75082361951202	59.90423631759333
138	78.8789635052798	51.175539519168005
139	77.53795034336252	55.05553250511417
140	93.70786156408336	64.14850274357948
141	77.82251227094544	54.228347484800025
142	110.57328151130157	79.4914114050485
143	142.8732775981974	87.56067453658135
144	101.68521753199542	62.32323546549715
145	80.00741314112068	53.36134504980114
146	83.60253152737563	53.4431663337448
147	97.06755929523617	63.64128503002655
148	83.11458033995244	55.57786401666471
149	93.78253791439418	56.78155213596283
150	110.96110599863651	67.06325909413609
151	84.32747181455342	51.22547009559461
152	84.35919376002593	56.93545721882756
153	169.18059348628836	98.01381519078369
154	142.0249032871867	99.16610769407792
155	81.45683330390848	59.44113893860033
156	103.19843728797272	64.16607628841277
157	83.19190086189143	58.98024550989056
158	83.12883939060882	57.78138666923589
159	98.24507121270163	59.83544092064289
160	76.21659256213877	51.06189194712839
161	95.34441266770925	55.753461714993726
162	76.15071495872054	54.23325943268633
163	91.32984168002194	59.74574120149597
164	92.831023132258	51.608972899418255
165	120.28826421658329	74.81468357463068
166	87.826654847174	56.88396410384041
167	73.56485566732292	52.6573925919079
168	93.17979009381457	64.62121969789878
169	89.89364747928097	59.26246918642526
170	144.57640529772814	98.19007607986792
171	103.47765961446615	60.64291502277119
172	90.07296561984846	56.0309858982009
173	84.03114565605331	56.31930175096338
174	87.59986898092569	53.51322526854409
175	99.61786460805328	60.96935165639958
176	95.54222229914244	63.14865709104775
177	230.065197740975	150.8097521645958
178	112.83906734056706	70.59373610611628
179	97.68506411119323	66.78506528405389
180	84.8598318056273	55.177551216547904
181	95.10377146073279	68.73416028523154
182	135.31258859731312	88.53621984232186
183	84.67559986000832	52.06376151202654
184	81.06154591216728	56.40108471678374
185	89.08606047796818	57.94852788709069
186	84.02787768614942	57.255797087826814
187	96.96248155872826	76.10674051221893
188	91.7678256423575	62.709638110132744
189	78.86295742264019	55.946726938477866
190	83.84370596755451	54.12935142852874
191	85.5178095415112	57.80715905740271
192	86.19419891671416	54.2255951964995
193	102.01406408412196	61.447151036235034
194	100.49164856487845	52.415797170723415
195	140.53004852959285	77.24430506205262
196	89.09304798236775	61.62505599247168
197	88.98530568533789	57.31323576789536
198	107.57445718366941	53.293473151210506
199	87.12976142348441	62.84301258746923
200	89.81075441591601	64.4703210922925
201	103.44541818283092	62.13891561368984
202	133.0664164236949	92.65356000793405
203	93.96755166958371	68.68420842229459
204	89.6567939272122	69.79760685181374
205	92.70928705102949	64.94908849366806
206	85.59342731809907	62.42456049928117
207	130.28780564647727	92.85170100946227
208	116.6618817006761	76.50868634573546
209	85.88130884974166	54.58992133327117
210	90.27943365211871	50.64247061593039
211	102.64419868459383	57.57491679239629
212	103.58065656584206	57.35315348793693
213	91.86513796175625	61.69891639126655
214	94.77581697394355	57.51974090106907
215	107.30213936141394	66.45394950600854
216	107.56153202886858	68.404059843088
217	103.9874182434019	79.21547408694164
218	93.98337634267922	60.52886289792429
219	89.7718023127989	68.37606430005513
220	89.38316425657746	52.59975195936152
221	87.46102859851176	61.543833892068605
222	83.74572279483594	59.449190881645855
223	83.6692793433592	67.15010775226541
224	90.34503444820277	57.78427394150344
225	89.55487145541396	69.7859263339938
226	82.28459500570483	58.82789852514658
227	102.27204428972496	54.1418905120318
228	97.50441962264149	64.36248849983
229	82.17839910113226	62.169575509911176
230	92.89677254625967	62.48953531541453
231	97.23544790457176	69.35605927655071
232	76.3643905157127	60.29397634254348
233	107.2383747362115	59.07949074949138
234	98.49162451044091	55.325013221421784
235	85.45185077657895	61.85046320836051
236	83.02502289700526	59.298099245227114
237	88.52364934978523	64.29348774175878
238	108.75609824252045	66.7244853842725
239	110.73613483744184	77.74339126905905
240	106.01102138066811	61.619041427427796
241	97.04505908395711	60.97901253201451
242	89.6977404050734	57.167374513672804
243	85.56227294319959	60.69449524537258
244	112.45166171187499	64.47279508465445
245	110.89548082319362	82.32513097632666
246	93.11746297747845	59.58398159254345
247	108.99643881399368	64.06955103591275
248	120.59392271953341	70.63607031576076
249	108.75326484266132	67.69611718854651
250	95.59359955296372	71.23465137530485
251	94.66738598209963	66.25492660081383
252	116.47358446790116	62.78533981271194
253	82.66126375848518	67.67786141097227
254	79.96876586055096	57.96914062889394
255	97.1591559894943	55.83768074756705
256	109.64736681515912	65.28598281433791
257	101.86881124805285	70.19292315707241
258	121.77218499486112	88.88451805860535
259	79.68393947030309	57.57427255203386
260	82.60861910143304	57.717952939577344
261	88.16162605395442	62.12415992200554
262	98.30674255009568	60.64317569020324
263	81.27628223648065	58.39156770820539
264	78.03447937229471	61.2705809237474
265	122.47249044171582	80.61186687041678
266	84.24382686947271	53.59019051905983
267	97.94989805187974	76.60024287520737
268	81.17446254865291	60.920590290597445
269	75.81831215547152	57.091251873931576
270	100.03911689548616	55.16183444798886
271	131.52147704878007	84.10221475499779
272	82.10951691711904	57.922776275590465
273	121.31166942051107	78.09576942768251
274	110.7154810229866	76.85123652523006
275	84.10116395644495	66.49505721509934
276	130.28202453103464	76.52064184963871
277	107.80835954213978	65.88186118141576
278	100.13438050263261	61.232441231335656
279	104.83840649958672	62.26923689580148
280	101.99249685305911	69.05338990238387
281	101.521271509535	68.88052574862537
282	98.44982954197947	60.084322759324365
283	106.05189879039905	66.63511847581223
284	98.79637929393947	65.6895095951011
285	136.61707993778407	79.27352385349775
286	109.06782883780976	74.11461788239889
287	87.13917327180361	58.55098307689461
288	197.73469482724622	131.30321397253044
289	98.71705620625755	62.69583010929228
290	113.69217589979783	66.54032135123175
291	100.22084046540836	62.492693018636544
292	120.77628434926369	76.13353732089662
293	105.9427238555325	58.61080534610852
294	98.62929664857451	66.53428321558017
295	101.8432286364768	58.91163119379964
296	89.82897597959892	63.1546796894963
297	113.91533147007009	76.39889915357432
298	104.05784291841243	64.0667627748083
299	100.0504282144468	61.8157532941257
300	102.54419524627609	60.61824300177874
301	102.53645286435993	83.72926644375856
302	123.32727804478309	69.97767917325518
303	119.99847914693667	87.06423222379331
304	127.10596226603629	77.86827551969617
305	106.00693487256385	93.8228043261785
306	95.93427869909388	63.46471022421245
307	97.27256553235951	70.08425297994246
308	191.57721607619848	122.86679386121315
309	118.90064603262456	76.28014573531541
310	107.77465171445553	71.38317806737254
311	112.58405155497023	66.38448904691325
312	105.03794985829586	59.66493125341391
313	99.11401688035458	58.12335117258559
314	92.33705243776765	61.21935913018138
315	112.0192035308709	68.56219164187004
316	80.1118921418113	63.46271809257204
317	96.85914833306688	60.71272918547973
318	86.45011159583781	65.23373217841326
319	93.22915887471228	65.60807144864948
320	163.04943918097464	106.24946350027776
321	95.01316855471717	60.08342445592468
322	110.73979812666619	77.8442899264531
323	85.56902117790845	59.483657454628855
324	102.62088855311877	77.9694166127167
325	133.80636275607654	91.37081841252022
326	165.75558000715986	112.35425978536178
327	93.43118156007095	61.360938990867744
328	98.75326517092908	76.23624555954054
329	78.25828029192506	58.90371641627862
330	117.89145920904052	80.373227993888
331	84.71834365693549	71.44321384664924
332	108.71549578315935	62.84860325225238
333	116.71222895146732	67.44070200651494
334	98.19626324781868	59.27205252732582
335	111.19022571053428	70.34341908930534
336	116.71268452100304	70.1627619531584
337	109.36517297602988	66.17023256947046
338	121.59338946508362	78.61836888611707
339	87.70528201971092	60.20144017353157
340	89.18700559090817	58.13276970851566
341	89.04842981590417	55.42039205679756
342	110.48769134697088	82.97646368004273
343	117.5501374424499	63.4218033404216
344	90.74247051178185	60.47665591510531
345	109.60373852946918	72.50106503205187
346	206.4440335927369	138.1961893899772
347	91.18459779237487	62.48786734341199
348	99.32298171296925	55.468583395402796
349	283.3907128526018	183.64104129896168
350	111.33765458339023	81.10843132731999
351	89.0011107195994	55.23335403273876
352	102.8129101612882	63.28131676777855
353	87.98971956515045	58.56548452725339
354	103.37382365070386	77.88372373730972
355	115.06815175964421	78.87207324393933
356	96.87488187310159	58.20697612741579
357	86.65298663862038	73.01986625624876
358	94.4905600306904	58.11865134396942
359	93.68769542377873	55.504883910797865
360	89.48384277090494	57.358399396637644
361	96.26242408192587	60.289647897806404
362	86.5232286587284	62.296293478869345
363	95.22983089915495	62.150091740521155
364	142.257357683561	90.72749334597128
365	109.74795790295653	65.84751547466998
366	100.36961561278832	56.67154435938207
367	107.92466134576179	70.24274165390266
368	92.49874819813377	64.4461534312147
369	109.20927185965625	71.27982768078911
370	98.89818538972924	63.69962901632392
371	102.84547137465185	59.070229343907585
372	114.89442516809534	75.59663946004991
373	118.55441124867741	69.21608325370202
374	106.49883274392108	74.68987723442316
375	85.12090786150809	61.383475006652574
376	83.38051391208865	57.10185014832767
377	107.98531047509171	69.08118508184249
378	94.1007160603411	58.92340874664354
379	92.34081184098088	66.97052999892512
380	98.68057228971958	60.31078369812351
381	102.11768335035775	66.2619645232318
382	98.82901565674338	62.89610746866541
383	92.86513943503195	58.501530792209856
384	125.05576498280836	74.14046546298985
385	105.31333531077358	65.72998765464969
386	107.22277341183053	78.01071215485693
387	94.26469507643537	73.03013372761338
388	100.13882809766524	60.473947682680894
389	95.44024191989621	63.95653747364311
390	92.69564726616501	64.49036907458645
391	118.98659977538215	70.45690971311042
392	122.90567045584058	77.23229679199014
393	93.06864945842777	59.89255794518718
394	94.74907246189979	68.91647900955849
395	82.24457444070615	64.61366188767637
396	99.90062137063268	62.811089576053355
397	84.83438133208901	65.9578716825098
398	100.25377306795912	62.43343348354516
399	79.52764346150286	57.027621753238485
400	83.17919355952273	64.860847417534
401	103.63142193801013	70.36098467830496
402	96.11851786201156	57.60152162220223
403	113.21857622358974	82.85076697736152
404	111.05367490882969	79.61926766055366
405	93.99757315907353	62.061230876371724
406	80.97931102502282	59.6320600586367
407	93.8278901369897	68.80858940309551
408	139.88943390279073	86.7475125646323
409	83.18110684673579	61.234124543440664
410	87.66719946131971	63.60553622736248
411	82.17576575029848	64.24369901860454
412	110.94883575279803	67.84909420032871
413	104.72551061209421	57.724270306328684
414	79.48917420969853	60.54752074265673
415	92.93648986755359	59.12315854455295
416	75.56281995186056	58.60889606314076
417	87.91827919932358	56.51579828306025
418	84.64346082427188	58.56777214662576
419	88.4454242705199	60.10648867972415
420	88.54866686666399	66.96075732598763
421	98.76020530788415	67.7843122945287
422	98.59505751085152	57.54226483007891
423	106.18824856173691	78.5234740811616
424	122.88680456523069	80.07658959779465
425	87.87986652157944	62.52569793049902
426	99.09564071437765	71.85469534228129
427	101.45006609932183	73.2322388320251
428	100.1362229683731	68.296327852126
429	126.48960774299618	77.8476256356569
430	286.5045818281296	181.08360818964132
431	91.18300019044533	64.21104633581162
432	102.55509107905112	62.639326065120514
433	226.72521928820407	142.68302934681418
434	90.7258679657716	62.464856346834814
435	90.91361262413842	59.0109521352242
436	90.61952077378366	58.683662053852906
437	145.88153022769814	93.7362852410784
438	98.69248654740298	64.87067433927331
439	91.41952238962303	59.370295626277546
440	94.78732900303612	65.37310748156041
441	139.23380318930202	91.49911892947104
442	94.55899688035997	59.45230856285363
443	92.32409155806936	65.76874624194845
444	113.27070634730111	67.47209135408472
445	115.87069103548102	72.71699215673324
446	85.16423605838766	60.533070514251406
447	89.49221236034997	63.06802433325984
448	91.6542844121621	56.353490848157605
449	103.24670000825319	75.64665284872494
450	113.12722715477233	69.26555938412288
451	94.48860596599725	74.09292574404704
452	103.48120969200208	68.11333917097234
453	88.46536232450973	57.655968520372184
454	96.4571109306352	74.59012502558322
455	86.9716835995772	58.30727941436319
456	85.33295174809565	59.536028908572604
457	106.3215638564035	66.8131493526498
458	93.12740119819675	53.29745361732866
459	104.91817303879664	73.90866610662546
460	94.68665055095627	63.06076072667742
461	89.66942778574361	61.061369328437515
462	92.29408002151781	65.50996300306304
463	99.83825154084094	64.97722176154255
464	109.12162372604278	73.43719574366592
465	104.4355543327356	80.58833473876085
466	99.4606038269951	57.29274701381922
467	101.10568937950514	68.74476638483031
468	88.80382239915069	56.52377272054696
469	98.31167475973169	63.19283385899853
470	97.90343954891257	66.15027049471446
471	89.34218150955952	63.85290703646267
472	100.69463402620474	59.91494798142558
473	89.55622874210607	68.31491281639921
474	101.50521891179459	68.54406638311632
475	124.72857500745135	85.18399530084982
476	84.38097812523749	56.82101099758369
477	102.63475201716894	63.50537654918171
478	86.52357555471337	62.246015840335346
479	86.05422412282107	60.06858284123901
480	93.16595195253501	61.78001786646075
481	97.07480458476778	58.900305442135924
482	95.13602654022638	59.8604787128948
483	99.15499496444951	62.36494586998342
484	93.21770332060414	56.802323394532095
485	84.16100605979909	54.29318310636669
486	114.89690384827107	77.26261046768609
487	92.62246523588179	55.101561687999826
488	98.60487271167678	64.81635610521809
489	89.89555462430326	66.55962746864513
490	94.76689134439256	54.95195135069082
491	142.5880753420632	92.30013960267321
492	85.65029835208213	66.89225483850387
493	97.57294947384285	54.972340248093424
494	84.74239218157932	56.155356074436554
495	101.46024135830524	55.830275808376314
496	76.93551807883236	55.91129137933291
497	102.13284850407202	70.49031279135137
498	109.6193845396363	73.42033797106187
499	146.21982022625653	91.7235750076
