0	142.74437571217007	137.2488714584243
1	99.05315867756867	93.79715089146976
2	79.21235583970541	69.03161100735736
3	64.8598241741017	59.51716971211514
4	75.38770677552795	67.68867078352119
5	60.603333695063924	57.25273529559519
6	51.59183283984716	46.01700702873752
7	47.612660031398796	45.958128885717905
8	47.32599235685599	42.82661489822239
9	52.55336767898268	50.03665959019006
10	40.19701087690739	40.50075410714672
11	53.82670965198349	47.31684137089057
12	41.41013191766745	37.67083249015151
13	63.39029247257899	54.318287863449434
14	48.09462347909602	45.82395344645845
15	37.2282239177382	34.87599979874257
16	36.49493642496042	34.73771071859802
17	36.267380548825955	35.86137509760946
18	41.085071066729725	39.840829862091084
19	45.322505622580216	36.79253582384094
20	35.670409136706596	32.05913583453922
21	32.25868659779047	30.677124333489864
22	36.742721284582586	33.066229358145826
23	29.1260184200853	30.365934284107848
24	32.09414131207581	29.41061527455805
25	29.921328261757665	28.804235217266523
26	30.16421092642488	27.221884702273496
27	27.35633441017331	26.32437122891315
28	28.617740676862716	27.306073842875087
29	27.320594827163184	26.63100809853492
30	34.245844968305995	27.441689099875067
31	24.509881606603685	23.77327821396954
32	27.06040114124181	26.24863846187056
33	26.879155455024755	26.146315915375165
34	25.547542433591246	23.20044185792492
35	23.561256150163395	23.24765453269403
36	28.21181092063341	25.015671937662223
37	23.15931862693415	23.289741168279274
38	23.488849952350016	21.534754945956568
39	27.059933399676435	24.02243090046949
40	23.599264899344668	21.114223263998923
41	24.966029999262187	23.56441693886646
42	20.59542448773081	21.30994569186135
43	25.212400565023035	26.809550144944332
44	21.29232274556773	21.562384623877254
45	20.426739806855426	21.14934287470865
46	26.45696292450634	22.46466902022565
47	20.163236825687	19.741130299371388
48	20.361707777191878	22.075266581303136
49	23.226469544189875	24.0025369252492
50	18.933795349299793	18.956357105826772
51	17.99061650530878	18.845848139406613
52	21.66550567778633	19.775576214476057
53	22.25566797403114	21.27917213510302
54	18.081791876335217	18.250433300235304
55	18.808907055569932	20.298720147815107
56	19.462582832794165	17.64967182671297
57	18.066112287561904	18.573235086996842
58	17.32619698197839	17.557710355791066
59	17.82820152029859	16.90392420611292
60	17.37947768922354	17.09413122196174
61	18.798643265915537	19.500685455714834
62	21.961010587940525	22.20858529058068
63	19.05407598158732	19.859824216879826
64	26.84093391539211	20.158381669696713
65	17.90642515929995	18.142167593345714
66	18.578974215696082	16.99542405139099
67	16.138894417511896	17.500596358650615
68	14.94423130617023	16.091968841441933
69	17.262718847012543	15.65509121778121
70	16.142591302542137	16.116996510574534
71	15.12076600589715	15.34070692294625
72	18.15497026205928	18.898672144149295
73	13.993279476507373	15.186507536074787
74	26.41773318372365	22.532941673587004
75	13.198693663577982	14.998241883113401
76	14.842477115534518	15.022116368051652
77	14.724409265609566	15.486467134716506
78	14.981694778785313	15.324254274748878
79	13.828872665058153	15.105989350419074
80	12.525862592978037	14.125572327374787
81	12.184493112704835	13.499419233928442
82	13.10175350187463	15.148783955059647
83	23.703824459341888	20.981017443619773
84	16.227282609206767	15.149829908209203
85	13.869921855277356	14.534795751151746
86	13.243201573243185	15.322887527496045
87	20.512175791651735	17.755624104876166
88	20.273898261211254	17.477699210174702
89	14.545675027187382	17.051835919520347
90	15.785256080766999	15.980802004307975
91	15.205326418998606	15.767551229233467
92	11.763362922773629	12.928062607887254
93	12.191049242145482	13.01745707030728
94	12.738115630097735	13.347228298182896
95	11.99772078601326	13.085212563748092
96	12.72875352157656	14.036176804894204
97	12.075213014656944	14.236803557244096
98	12.256011866174083	14.486259049190965
99	12.636063082859168	14.024608519439719
100	11.62527810354644	13.30874039916157
101	12.770944422472736	12.829275722055565
102	11.924442299340917	14.269671523927709
103	15.595165119084147	15.74728484241862
104	12.965482999925275	14.411842715490144
105	11.246594337579884	13.134321204174924
106	10.790621308333101	12.752553584106481
107	10.887368572674202	12.434325166458489
108	12.113320190459762	16.156394578368953
109	12.840858184446839	14.94894789179821
110	13.689549860564968	16.36712986852003
111	11.965338361986868	13.55879934155747
112	12.553336949358716	14.554864099678365
113	10.973872884379118	13.143943352281221
114	13.705231093171134	15.170966812075383
115	10.598880158434268	12.932048659540186
116	13.463745956699617	15.071841814844657
117	11.372828236512053	12.087046213262953
118	10.694122323987354	12.067934307093129
119	11.317173421092098	12.970491996594411
120	13.343199773421402	15.040003249638449
121	11.236657010451344	13.413994171043658
122	10.043356573725077	12.195925514190579
123	11.317126766298735	13.934536273182184
124	13.043672274614336	13.718902185428217
125	10.556965626864097	13.289731762334586
126	18.492963609549633	19.66823504485473
127	11.447458702139409	14.887329875979066
128	11.139052894612684	11.840385816607165
129	9.426332602075	12.488958565991643
130	11.536070017205088	14.81056126696337
131	11.33185633828612	14.584833126518454
132	14.185356267600753	13.937192055363107
133	10.017824964719596	13.103289062824103
134	10.299963823956714	11.868033967849879
135	10.24920027670366	11.776142761302015
136	9.755548518531997	12.694747215590734
137	11.315699251069772	12.44265479407304
138	12.340627089368205	15.523295205368488
139	13.233909864726073	12.794504201656254
140	11.440851034086966	13.434145200795323
141	10.25126322878745	12.471150000018485
142	9.377200368109374	12.293317179895533
143	12.542356054511584	13.856283683266568
144	10.491825490857858	13.235860309323686
145	14.829476139294117	14.499923091324597
146	14.657943080479523	16.28565930887476
147	10.610679549877478	12.221305505754367
148	9.2652603242479	12.270985599106321
149	12.071252367268036	13.152229752075025
150	9.596868504314566	12.246203928124556
151	10.121303532906834	13.296462088085438
152	10.47841628667243	13.061300704823536
153	10.364819227375031	11.6181104409149
154	11.381969820010896	11.452679734026189
155	9.192891744627676	12.092246284196436
156	10.096842156572787	12.678522269099783
157	9.81500503588304	12.598671420285278
158	9.649237236449613	11.529715001564838
159	8.94722983531415	11.416493115160911
160	9.607188618908511	11.81887870245502
161	9.473590725870599	11.382177210935994
162	11.936073615985732	15.873586370444691
163	10.421824845212608	12.723881865348346
164	11.447747591354236	13.006550490223624
165	9.478914488629583	11.87234989142278
166	10.130865462094242	13.52525394348152
167	9.081184907158114	11.555741064351832
168	9.469304101954602	13.492187242773609
169	8.735979695724536	11.920041888401588
170	9.33578472189116	12.828066992772632
171	8.958415448792893	11.13944219896476
172	10.637284027367437	12.836940723763716
173	9.342566549979365	11.400354492172038
174	10.06434872238824	13.920953987508932
175	8.846792844032624	10.835533236575628
176	8.540670527647631	11.726079674134617
177	10.263161836219902	14.291519437966178
178	8.89945949805331	12.246032965847297
179	9.642681281388938	13.88985042412995
180	8.570439788498762	12.256808201646553
181	8.240524272702022	10.905119815921752
182	13.76318846431976	14.114216633858849
183	9.619672152973882	13.522537299867636
184	9.613319025840333	12.741854938735056
185	9.360121050192426	12.692228026306122
186	8.417194061967813	12.638340846501775
187	11.939457568922306	15.038011069951386
188	7.798805508710039	11.192471467825193
189	9.25416533152872	12.322547756310808
190	9.385057696320041	12.207898444799767
191	9.132724203573105	13.524164124216465
192	9.19120018137604	11.33650784383415
193	8.838802371079455	11.91807771917738
194	9.672477692202216	12.864395553647375
195	8.168948741618332	12.61405804864078
196	8.656614137278282	11.703785243917443
197	9.323740519486973	13.108006445358534
198	9.644665455053552	12.428625078990795
199	10.003821802414848	11.515676619678885
200	8.619641241108638	12.871546493020556
201	9.771162179987513	13.819598859031208
202	8.4052672566562	11.21526117707127
203	9.37112693963514	13.797185651841826
204	8.782084576395109	13.73257239039044
205	8.973191604399789	12.996627300509228
206	9.238150486621851	10.936326508340153
207	8.04015625024693	11.64026615428562
208	7.814712859219672	11.144463845434467
209	11.070280619001501	12.854640878163568
210	8.914699188042585	11.74800873925244
211	8.188949894739919	12.100082464151907
212	8.160152563337217	11.228737357884958
213	8.271323929113816	11.014598686413056
214	7.930091713572128	10.784264700356577
215	7.938006611850829	12.855686995850471
216	9.816102558086014	12.778945730517329
217	8.769111094677845	11.568820001733181
218	7.824367819201669	10.207257088078798
219	7.766452729882329	10.862587708977305
220	9.813244933403155	13.210390830466034
221	8.574077541336154	12.275345856531796
222	10.746311187738408	14.947496468347289
223	7.480318020852714	10.868228877056314
224	8.233264027046843	11.192190918876511
225	8.236120959751496	12.89215025201819
226	7.812463928378379	12.809307445263718
227	7.893969851590782	10.75311413661008
228	7.578627215040695	10.649167775458414
229	9.575149273502017	12.356448647477047
230	8.33575069130248	12.008013998116612
231	8.310326699229712	10.936608168844646
232	7.715424927586338	11.753406399430222
233	8.346205617714343	12.37901881084923
234	9.299077373027442	12.477659670885592
235	7.699747155094653	11.73340640650462
236	7.607180393101084	12.060150120160213
237	8.401931915298658	11.18780112095708
238	8.257800356023985	11.179829338751619
239	8.444364382105665	10.362563216553019
240	9.02845189333553	14.685125561422796
241	7.669243908453373	11.948582486645453
242	8.80791867306747	12.487635090773708
243	7.701616752569336	11.587969594452145
244	8.35182488723618	11.429235597526505
245	7.52966898385407	10.26083102193071
246	6.8978736094668225	11.236725728869212
247	8.032743027422699	10.366943711579374
248	9.597854974035338	12.25011966572605
249	7.188937511681736	10.799030852246771
250	7.4902731592574865	10.663387055912477
251	7.420633412196544	11.591534962052995
252	7.798000067955024	11.900328343344961
253	7.662420134770785	10.922692293558603
254	9.7107818326697	11.951905815359604
255	7.8843709217776174	11.931828901781794
256	7.457781375247474	10.866530769822285
257	6.860680006149276	10.399569840990152
258	8.081656279824468	10.472085157402518
259	8.098738480960915	11.877516872268778
260	6.958638759411971	10.724290557506897
261	8.368859473342603	11.924702342113008
262	7.709456287062272	11.55232646804478
263	7.27685205064212	10.611622633942357
264	8.235251992935837	11.049876946172226
265	7.0756205638602125	11.695176046597402
266	7.686846890488091	12.082489013882084
267	7.518074792389177	10.4069037891748
268	7.518918948749845	11.132464655202313
269	9.721376971381334	12.394673127963598
270	7.470091964072754	11.177975523618937
271	10.539612472810287	13.804928819232648
272	10.309348953973041	11.704516471152157
273	7.800431620416134	10.693417409571625
274	6.831468721665557	10.521883961613252
275	7.81586436911702	11.485724637409135
276	6.821907108692274	10.309141294654424
277	6.637589949185421	10.894900908035885
278	6.797318872897293	11.231970917282597
279	7.553233332687134	11.39102025220735
280	6.691719716942911	10.32502156026622
281	7.276192023934336	11.171718705642105
282	9.241993707423152	12.136263594876022
283	7.152929879393244	9.852976239201407
284	7.721603264668116	10.809372595163808
285	6.902027733441688	10.268421391201652
286	7.220092839206244	11.12773548173266
287	7.119629633404021	11.042545853986027
288	6.760406123564556	10.396302781934885
289	8.899135033712769	10.748945921226698
290	8.225618886382337	10.809614020864668
291	8.741558273135512	10.403839004845853
292	6.752972446086644	9.714188483770572
293	7.573260301033926	10.119924427664664
294	9.327954654150131	11.496480209234988
295	7.742466771303294	10.555210897340407
296	6.579917196140043	10.90371427610015
297	6.9273878769189725	9.97435323960079
298	7.227111592385887	10.59576056783437
299	7.358824848444125	10.932277803066246
300	6.435492151386288	10.676211019507024
301	7.030829411440268	10.252651986682778
302	6.763830544679213	11.400369988425709
303	7.422915844357526	10.257106727012442
304	6.7478929537169545	10.913268693189277
305	7.477276015860268	11.033395579783413
306	6.726574589888928	10.374493701964475
307	7.185187379773183	10.823099593305448
308	7.149662725945666	10.692840343526834
309	6.832392616618338	9.995861285049864
310	6.562251868790554	10.32387850668739
311	6.693348655009303	10.940751695371834
312	6.962466838162399	10.97298431360164
313	8.436273317425087	11.681148466559291
314	7.106008465365281	10.977455806796177
315	6.536679498037281	10.454674431343216
316	6.306934694614307	10.314485063709675
317	6.573869776416842	10.972342894053899
318	6.5547842111069485	10.07187410841995
319	8.707645853055993	12.175238112948076
320	6.940602359233079	10.28362720443624
321	6.745536947964623	10.506072459146875
322	6.9014240664632736	10.79751531022913
323	6.60284132535478	10.407806730724067
324	6.696045959679321	9.825805322259665
325	6.781673922461986	9.725719011261294
326	6.608649680908977	10.68500117724851
327	7.028389025451999	10.687486349413211
328	6.8533903427940865	10.88229657784965
329	6.362800837373588	10.403921126952314
330	6.408993605899353	10.247014874980515
331	6.325097739321797	9.524646747430992
332	7.103798535429507	11.319732504311267
333	6.552728681288332	10.72348085720695
334	6.145314147170051	9.819288677023723
335	6.0900400257288965	10.065383502989368
336	6.39190872585775	10.215525475101469
337	7.19789885029673	10.305558052238258
338	7.17706120735856	10.598960591432382
339	7.279028964351078	11.137534502462195
340	8.023548679112384	10.182502864687894
341	6.73547737123321	10.128178568261143
342	6.574397222316319	10.260446032790515
343	6.649622209132009	10.478320669900373
344	8.78528196715422	11.113870625789763
345	7.941001272212728	10.965907261452227
346	6.585021730388411	10.044366597315943
347	6.997870091903482	9.976933045281925
348	6.413925274330479	9.907881038317859
349	6.538367094243162	9.904153911561096
350	7.1999761875871755	10.91042543500518
351	8.371763984002774	10.591408187821257
352	6.735756790716345	9.73370260547222
353	7.48497686492263	10.704347613372189
354	6.454403754406825	10.084550315035568
355	8.462906046497181	11.523676671263342
356	7.433252143528121	10.222501710211471
357	7.599915031637284	11.126935818077852
358	6.866989594629326	10.590656092874628
359	6.265815794094275	9.036946660789669
360	6.729073999608805	10.204817527241625
361	6.688357436495803	10.031405385928633
362	9.351939499095767	11.873013334988332
363	6.404686869393082	9.855061553402487
364	6.77458862435611	9.333794293027452
365	6.288813971080257	9.444282660172025
366	6.395576876740649	9.737644517367096
367	6.152486786987934	9.518418976119229
368	6.799116524807275	10.099477961570651
369	5.90242938577561	9.36764949253314
370	6.692867696991622	9.491167267769107
371	6.806908078088825	9.45160727296712
372	7.410552743581473	11.409351662396764
373	6.358491315845572	10.231109586609065
374	6.885018167479646	9.630765778712286
375	7.184996976275108	10.874303292568518
376	6.168009993337711	9.662539612226455
377	5.984962614308026	9.80227668924164
378	5.80857349690549	9.392592662505685
379	6.548847447566987	9.75557969892825
380	6.161788449750289	9.441802912523343
381	6.178980128674609	9.138670857071087
382	6.088280315392432	9.813415057532833
383	7.39003021258775	10.654115979833627
384	6.687842968725044	10.209193704924088
385	6.808085290888417	10.084752322258872
386	6.322929775632898	10.228244523715013
387	6.066275545299481	9.30410079834294
388	6.964148456635322	9.89123283851493
389	6.874024485169696	10.299205390365147
390	7.536478927919003	11.933340342824822
391	6.248539309519909	10.117890955475458
392	7.920191867834148	10.198735797144268
393	6.051121390098757	9.241177795510092
394	6.391202150593021	9.798707339256179
395	7.511450915226497	10.529270583148802
396	6.607207576800236	9.922464354941834
397	6.307972473111686	10.175777850323172
398	7.096099967847959	10.268604189109933
399	6.9663404650300516	10.69394077584504
400	6.891102529748865	9.418475439254365
401	6.025095648056667	9.60694197599246
402	7.14346895431759	9.347126538498882
403	6.101922741580578	9.72691456905943
404	6.38124203484695	10.108249289067295
405	6.014723196063922	9.219522183210966
406	6.919418846920472	10.97593301760627
407	6.615585165598893	10.868790699322563
408	7.648656235808059	10.709627213956814
409	6.77633189461296	9.124102388939582
410	7.951723284180464	11.150266185709619
411	6.85095594338607	9.527405252510997
412	6.16482182290156	9.540788678354996
413	6.1531236198579276	9.458079544748847
414	6.718944264229662	10.395816229081946
415	6.88009272318106	9.989285374255997
416	7.262427110239152	10.60432992668866
417	6.156566245868656	9.910589973319846
418	5.9709126957029595	9.476177265764152
419	8.125439653680532	10.86607189813403
420	6.350248795116646	9.948963570977552
421	6.473103579046229	9.014344576044808
422	7.449205799584273	11.593897036639703
423	6.207780884143218	10.186103478380673
424	5.998844021232728	10.314006180229095
425	6.744907115820085	9.881902438549004
426	7.005045699857371	10.350462118516704
427	6.761948809926892	9.747385057911348
428	6.160974544186837	9.924202416866226
429	6.276802206726652	9.241396083892276
430	6.682635048975499	9.636536930414726
431	6.6473832998689835	10.31649301729923
432	7.930231271063115	11.553194207437716
433	5.9704195296763425	9.7496335819318
434	5.998740986343309	9.632029986551112
435	6.215290879836156	9.811086818527224
436	6.340527094796277	9.87078666880132
437	6.912096398210702	10.007108400872792
438	5.916829910072333	9.722537774399058
439	7.239782981893214	9.78497818035401
440	5.878759163888395	9.065700855570153
441	6.622734560347403	9.936604850349784
442	7.659972770727376	10.46283364937979
443	6.362244234451618	9.924249137386779
444	6.202412799716481	9.480716709844181
445	6.054717668673305	9.004270484194759
446	6.486598367126039	9.17255228583966
447	6.609652877253406	9.90080318738057
448	6.674228096323311	9.528130517634532
449	6.627956062155078	10.042284264239148
450	7.422237927162892	11.142076226646004
451	6.7865050539219824	9.192407489552739
452	6.07722673556355	9.320296784497518
453	7.048342034072257	10.117491021272732
454	5.835842827287117	9.84056350455897
455	7.104341579305338	9.464948502945731
456	7.035361202548325	10.586893798916112
457	6.532051482280411	9.42044193210377
458	6.537778272372855	10.963986335164892
459	7.028453805889848	10.44139736479353
460	5.965799190250666	9.419299066519738
461	6.300789718218211	9.35475922629959
462	6.7171544333982585	9.256450455265252
463	6.264176498044585	10.283099505542541
464	6.332708676061346	9.299065739357758
465	5.784277396128662	9.377023155127189
466	6.460512825216109	10.452952577154921
467	6.094127943793662	8.969229085911202
468	6.156302395033032	10.164985805241121
469	5.690198931755146	9.245994353670339
470	6.32836775906713	9.574712115514439
471	8.247041301351077	9.916807449273731
472	7.717744143567416	10.017045950118781
473	7.044371521602628	10.181117047886726
474	5.730423552674179	8.865306935242906
475	7.279147697967307	9.990794095957854
476	6.464605172465938	10.758739056167709
477	6.316162900000953	9.38345285256941
478	7.921264259997606	10.545079655050746
479	5.77883169850306	9.707416340915838
480	6.812831023955823	9.743220942728035
481	6.614062742128246	9.906539314064764
482	10.241881781151388	11.710952374378113
483	5.71784450898511	9.210936965826479
484	5.68896933413496	9.348564808697075
485	6.243860986463955	9.669789024920444
486	6.370087931903595	9.63893353401618
487	5.867385238158296	9.226487533836927
488	6.589718672010348	10.590041084975214
489	7.648205404804345	10.477202450612573
490	5.883944543928733	9.385509224975968
491	5.997318582468073	10.041348531709213
492	6.697453159923505	9.47370794644863
493	6.349265792784323	9.410163794236356
494	6.10961865757936	10.082810559406854
495	5.628915884526565	9.307645004084266
496	6.59154610423393	9.542418276453162
497	6.403659125402391	9.395804723257754
498	6.6642827053271985	10.576207697470592
499	5.916830951482288	9.127384772748208
