0	67.46687740146074	49.76103621122214
1	65.79095768273115	49.27613943202156
2	60.06201364137628	42.01596051527091
3	61.54817299944196	46.74612766931882
4	59.137872851044875	43.82890483907587
5	60.01770136370363	46.85560714938885
6	75.94417556508418	52.76083137634254
7	48.804292522980695	39.11834598029483
8	50.32686398112868	38.33851426874912
9	50.067636006996835	39.47021254401275
10	43.49012299066973	34.96938227942657
11	41.14621417243408	31.003205693698035
12	38.7410301699489	32.284657268320174
13	36.846310460995134	29.431567865919533
14	38.15160854368102	28.637973168246212
15	33.769144779276424	28.59188702729089
16	31.598872155293005	27.316815814099744
17	33.92429364226798	29.380375857620084
18	30.680579944691658	22.851273158258547
19	29.602959452866077	26.229153223155254
20	24.96216070255841	22.242089685908258
21	30.569190725596187	29.127587338810518
22	26.15184300468899	22.185056916851515
23	24.342139219056442	22.095249477117765
24	23.800263761967464	20.05508688987333
25	23.31600349976319	22.426743046684845
26	23.566267450277387	20.533920143405535
27	25.239625160651272	22.920806678162982
28	21.22556715060066	19.945224749833038
29	23.108748908791398	20.08644032347176
30	34.326877274006215	31.906663946582857
31	20.132148551794526	20.57534259317208
32	26.064610472864192	25.99622226860044
33	25.351120843116966	22.522169913498942
34	26.869889817993016	22.190501547108113
35	23.38012365209823	21.210546651902337
36	22.962889076491837	19.61313407179783
37	19.9949155855704	19.729595986242014
38	20.13720204847768	20.613214025827958
39	24.16595180770327	25.988215848648228
40	23.65746211096586	21.031950402513136
41	20.137850600016574	21.82538261822195
42	20.83093943949283	20.40210259098489
43	21.3372053768246	22.14406310031084
44	23.701341305791523	25.21027032847627
45	21.34484647461307	19.307663211051437
46	24.82194618107881	20.59583584551662
47	20.771025556580938	19.556992413271754
48	20.520805327376777	19.524749382352233
49	20.507515555395802	22.808421026358165
50	24.756381519448034	22.277835821240856
51	30.17173580528475	27.979041323550035
52	18.430369409314054	19.538677120023532
53	19.590496697534576	21.597865086447346
54	22.25386825754767	19.937698497715704
55	20.70788485364548	23.81438159579727
56	19.120525331055116	22.030461647571563
57	19.01309321323332	19.274130901116923
58	23.57439899665085	23.58439751147859
59	16.876039896595646	19.589725872724678
60	18.473727829493377	19.446227597771397
61	19.43592522912793	21.598946232589064
62	20.99901268029934	21.00444786636663
63	19.388185027654078	20.673961085589436
64	18.075826848915117	20.36933206009511
65	17.1064897110455	19.984087139600724
66	16.577194593008414	18.57940277146344
67	22.435365287494413	20.701123691521
68	25.081470431750027	23.41558337612363
69	23.289466728339818	27.87171600944414
70	18.68701833473682	22.961659091246133
71	19.731073896527878	19.711810263238284
72	18.472297965518205	21.128486335717984
73	22.372287463825195	22.556695130641387
74	17.489970264660286	19.815503398750625
75	18.953264787751504	22.261585146507283
76	17.69406488798785	20.162554173127972
77	27.073680104857473	26.48546669952431
78	17.07840346743482	19.099288457075584
79	18.10050120739043	20.740867419546845
80	21.370828976147685	20.9316117923794
81	20.292085043540688	19.35368947077204
82	23.73613969156825	25.212571168008104
83	17.627573987945873	20.008842778747912
84	19.147289615684052	19.784063829725746
85	19.68162588831921	22.9325839381515
86	20.30402512615609	21.872000010585364
87	17.213796286490453	20.60969121001303
88	17.7766594002369	18.969040876651253
89	20.738327547309108	21.329089048295643
90	17.309298775416945	20.463182929609278
91	16.862595448960015	20.51254732800108
92	21.498334445451615	25.207075891934036
93	17.3558211124956	18.96350920975798
94	16.802941868341534	19.52443417505252
95	16.621760123552075	19.89668677308082
96	24.30428380587608	23.38779823419739
97	16.800238317907958	19.919038206495227
98	18.089703372405523	18.63227276202395
99	15.763150047472978	18.183777011126676
100	16.91303628442491	19.88034133843216
101	17.828655058898423	18.716384641260067
102	16.87350941390352	19.968400392840582
103	18.6713491901317	22.4899943879901
104	15.444759487998	18.89620285876758
105	16.137131008120384	19.00192258096929
106	15.662201599137905	18.966387737097776
107	18.37770674395139	23.45954358886795
108	17.687957440625652	19.44371086373425
109	18.920632908750854	21.878456573357592
110	17.203208509871686	20.02371997218468
111	16.491610018931578	20.583829377096038
112	16.55554312305789	20.347738486832316
113	23.785899939548486	23.1256128848687
114	16.353006871237177	20.01868669087833
115	18.128004545097436	21.646885099853804
116	17.91308048804283	19.171391243558972
117	16.63188922561881	20.769857665970743
118	19.094548055357475	20.024447979940103
119	18.0275167049486	21.084673535846605
120	16.854456975871557	19.089370424604258
121	16.875934256585122	19.496523487839163
122	25.442065002722337	22.205159072693903
123	16.823514906326842	21.059831557827565
124	15.590041035420235	18.84300916189442
125	18.804653820735748	18.946283034485237
126	20.108283321545837	24.12901853821693
127	18.09032608816534	20.46856399369431
128	16.107987841921613	19.844644835539096
129	21.08896103447884	25.2636130555423
130	21.764539490519148	20.729834446768475
131	19.006390622465943	22.14086259404211
132	19.173509618958303	23.989020613494958
133	18.196450931750068	19.822924193454746
134	16.028527050916484	18.4037557167526
135	21.403735778222558	25.755890050273692
136	15.634340059055084	19.895431041137577
137	20.96785476413018	21.61584885090422
138	17.39478335094917	19.737009042442075
139	19.475949300480156	23.477600280805824
140	17.666171321400796	19.373849504808682
141	18.595748954679873	20.750976524120478
142	17.210586507924006	20.4260520221261
143	21.328872659368724	26.20725115190601
144	14.351279592521532	18.582372848399412
145	15.363851406142349	19.491223599112327
146	16.77424169055869	18.79546824996634
147	14.515080816373818	19.3809991713372
148	15.166274848649984	20.02847146753596
149	15.731409184332163	19.788949862213986
150	15.907740718137385	20.826844664778484
151	17.793763835498982	23.130143478574553
152	15.66033179469244	18.827881195154387
153	14.968467997540516	19.875450838682625
154	15.337451020126194	20.121103308950968
155	15.500236364120461	19.367633886732236
156	19.21948092657204	24.430377582879537
157	14.646526392650081	18.717268635724714
158	18.32860848691876	19.033204505041184
159	14.670295622755356	17.97447899813875
160	15.44349939018088	19.191842063720003
161	17.60391833094987	21.99555020913395
162	16.619215381308322	22.471102018355385
163	15.420217261322493	17.507486905844083
164	14.19160581239779	17.96976767306069
165	14.649947065569043	20.6189066933108
166	16.88953924887237	21.812306132203403
167	14.688063567863649	20.8767250623043
168	17.035287234395458	18.095659578819454
169	13.301368578273188	16.519221614863753
170	15.387370820675063	17.45846286913843
171	16.41947897731365	19.42330431264467
172	14.259205166386883	17.834412044436007
173	14.562309669537187	19.85129129913517
174	15.237749916315458	19.72834916052488
175	12.999035622772237	16.85076078467769
176	16.420236762234357	21.313329888816646
177	14.55554924517423	18.95641623879976
178	15.773316793663401	21.40530022960128
179	15.016605093506385	20.476595607019714
180	15.466808479005504	20.351183125536835
181	12.876399805464752	16.493528512360545
182	13.919523771866467	19.275380802460507
183	15.284616122781403	18.25412764906281
184	15.79720191770064	21.529269156685153
185	12.10555792810112	17.28333785272694
186	13.882024157699195	17.32163720375127
187	13.655396119266907	16.745201235316745
188	12.086828669326852	16.20565191851577
189	13.572089135752229	17.73033304120618
190	12.819378682836192	15.819460905327865
191	15.66768985472669	18.817504753666775
192	10.414062534359127	15.130284952977815
193	11.934453348087487	15.051547637354105
194	12.240220013545825	16.08904685382053
195	14.45082765858285	18.856621913007977
196	13.338729712650586	16.595206127946554
197	10.327661214414334	14.5275647687936
198	14.10982695622905	19.163047587487977
199	10.785868929431599	14.369296381366363
200	13.91361584385468	18.89188643629451
201	11.863979055977286	14.37039911915374
202	14.29494113650213	18.81126119077882
203	10.411197296949766	14.69139756148924
204	16.262642051824322	19.958152510621478
205	14.40657459161612	16.82442286901883
206	14.543658518297951	17.815977183206268
207	10.87956988848869	13.774164740962226
208	15.459405083194069	17.327167987186566
209	9.732813873149507	14.621187426706758
210	10.810086680973452	14.034047612875778
211	9.27580991934574	13.03989425417227
212	9.573343909761249	13.942812257459735
213	9.812610564540604	13.518203368823793
214	10.504760601726796	14.500042770413584
215	12.530648052742007	14.000802115310712
216	10.747357362859955	14.743861421351912
217	10.436413523616483	13.36658331853387
218	9.098066556660267	12.08308430662089
219	10.464306854717313	14.060263832450426
220	10.355837874076732	15.387957911718638
221	8.738751306295137	12.780112283816738
222	11.507941717915735	13.107012979618785
223	10.14627592143039	14.147608664477508
224	13.10011440943622	15.9928046108039
225	9.816750674681906	13.138501573709291
226	8.20969213990804	12.3893862235938
227	9.002671117271847	11.837370139888673
228	9.531009673323254	12.812872222781774
229	9.388352313738068	12.829958906720654
230	10.342195711654087	13.580456377691169
231	7.36570065738878	11.150166699670303
232	7.604002773511685	11.130219901951296
233	10.143077518151777	11.385312599137505
234	8.820589189404037	11.16144377912114
235	7.926430868725125	11.229143583331304
236	8.573826458671073	11.74780958737468
237	7.5770621791903885	10.326668139544337
238	7.7412327144663085	10.944567362044413
239	10.425043484616472	12.492828164212556
240	9.75490706371418	11.538488101180258
241	7.156738940626873	10.334475183467584
242	6.9391098329164995	10.02852938384828
243	7.047579307503734	10.018321829757443
244	9.780383317484507	12.400538575557793
245	6.797318583881892	9.886185085580582
246	9.498483199947335	11.687238292434932
247	7.105669363492844	10.559430121351589
248	7.589957460975376	10.450178082054077
249	12.099095297674197	13.728866525844014
250	11.91479439812129	12.330045375946678
251	8.84402974806618	11.273382733579547
252	7.200389113246629	10.290344367028986
253	7.0276824111246246	10.702040483690535
254	6.372947451967908	9.251334480994338
255	8.03355467997149	9.573178178559752
256	6.793311914831234	9.72377643323539
257	8.662269156765523	10.16713850674188
258	8.959834138219405	10.875604516102815
259	7.570893150569728	9.092408863843124
260	8.236223960855682	10.235459682860267
261	8.096977587106087	9.646089452460682
262	8.212660521755	10.666992512937453
263	7.02134513445454	9.430159779010022
264	8.360249871778473	9.49817621656653
265	6.502318131374836	8.954638617080851
266	10.400628535306502	11.515768987184904
267	6.861652410980698	9.045393714022092
268	5.886852488152084	8.269653301965915
269	7.609534479833504	9.269256377256827
270	6.460947714712519	8.595752770150483
271	8.670040325821052	9.464400407845284
272	6.00371220557013	8.473626816466474
273	8.641460325132337	9.073953082372984
274	7.116063632655139	8.295626007180436
275	6.067242575055359	8.484034509313867
276	5.571083755971333	7.909840085261323
277	6.6446903174133585	8.932741935879406
278	7.155691977590732	9.049019763674307
279	6.597881961865871	8.486603007685188
280	8.441260221854888	9.44519404083095
281	8.070201688829556	9.893707992670066
282	6.4004031062138935	8.242997153577988
283	6.707585210010772	8.641807412593446
284	9.695238518604967	9.554864070745623
285	7.1908385330078275	9.230203572560148
286	5.770225271536557	8.351336616142204
287	5.773654798722854	7.944597516511107
288	6.908084490562052	8.99796147395973
289	7.459607044952888	9.189818444415204
290	7.533121987060489	9.418289599307203
291	7.212058706370695	8.732506994954312
292	6.030057651764753	8.307567606630776
293	7.458459787663254	8.918001129265543
294	7.158943990696767	8.72089770024252
295	8.614713239088342	8.66854357069995
296	7.006052677575617	8.530469555733978
297	5.2313610319524475	7.766099104657858
298	6.344638759639817	8.53198016179149
299	5.9671845941673025	8.210463368061301
300	7.379969380350428	9.190813607134357
301	5.606210005274602	7.5724041791330485
302	5.838661127940031	8.00663702481537
303	6.992862257129888	8.527882867198079
304	6.255878691724901	8.432758511961365
305	6.062285735595851	8.115782549873348
306	5.529141723024267	7.688363208544921
307	7.510433682704475	9.45471242490729
308	5.75895848186899	7.8558348022948135
309	5.9495952757271695	7.90309903340289
310	6.310969345176987	8.700514436050675
311	6.901087737815789	8.19385480153798
312	8.529189498414173	9.223341050578002
313	5.469486468956046	7.1486125921476456
314	7.237399314940131	8.185491672529697
315	8.15632501864922	8.622461394973843
316	5.085952658006531	7.147993515101341
317	10.31592384663072	10.939623878443768
318	5.299812201983579	7.249381593097882
319	8.047542218862512	9.680278656564786
320	6.737132818791008	8.835659636045678
321	5.315676958797604	7.77213491560599
322	7.035292366706915	8.51036110978224
323	5.919438510620501	7.810619964973505
324	7.272165479710654	9.109278631659604
325	7.6059030356315995	8.666617442948196
326	6.200443667224299	7.239755467649901
327	6.695000276619678	8.860708571540227
328	6.505965948429271	7.968657437016622
329	6.520422876964803	8.311128624174323
330	6.653231882950046	8.19658342182378
331	7.362512884900238	9.628389386559624
332	7.13519682195182	9.049897343713905
333	6.490666999501463	8.053108767999163
334	8.748407226979841	10.041042255249645
335	8.825829662480563	9.997688515230399
336	6.149627759923724	7.418792831956862
337	6.492476634553234	7.704260679554336
338	7.601217573891831	8.818338701859146
339	6.436960515405137	8.208362187762955
340	5.394773693371877	7.409767524208723
341	7.834897254638938	9.175672120216515
342	8.622973968381595	8.480820021659605
343	6.456403838147807	8.109624960246933
344	7.607700409600843	9.381865903549047
345	8.058417011031866	9.860622566369642
346	10.747325278662897	10.177821038674274
347	7.833839562657465	9.244133636103173
348	9.202496420812937	10.264793021195002
349	7.693962030171479	8.420167450367584
350	6.310112500922964	8.368231282589722
351	8.802081237319404	10.57435190535408
352	5.600678986378469	7.958177061015716
353	5.7522689834982605	7.718109881897975
354	6.299940694847666	7.9676831715343885
355	6.528024281227634	8.15136097257573
356	7.901578108237684	8.628478615986493
357	7.269491257392201	9.014326221336665
358	5.442284227301497	7.610306382392086
359	9.720977899013478	11.129462570852988
360	6.367653879728775	8.564884637055517
361	7.075375324318524	8.729773773314037
362	7.406928729545019	8.45364354172923
363	5.117925840006491	7.5161853817279995
364	7.226547762310968	8.783915945739711
365	6.054776077697349	7.541021154759445
366	6.3055890619707835	7.608073360847671
367	6.827583642178998	8.565910615821776
368	6.406614336715303	8.778168575770152
369	6.09765064468379	8.188068482188603
370	5.9452314445590035	8.054276364944716
371	6.290532013092848	8.053931915396205
372	5.725267541094651	8.058007931804745
373	9.460015035950034	9.958548992904719
374	5.7895969420850495	7.751298534349782
375	5.894206510999831	7.989431242548495
376	5.9752056244926655	8.39620762450048
377	7.164792587820518	8.81881730176938
378	6.277234029005742	7.63121165857237
379	6.144404940246097	8.037145364558016
380	6.248798095465776	8.471624625443715
381	5.364770356020446	7.831036189363077
382	7.062805477021787	8.945723944105419
383	8.969338731707428	10.073633898802408
384	7.506475911459614	9.27606485688136
385	6.362186704094065	8.44218935233537
386	5.075227016374117	7.502694003539054
387	6.994710163283951	8.241364992371961
388	7.209902153466538	8.372456225633522
389	5.375554643079113	7.461359602898381
390	11.451919213184679	11.77746561923478
391	5.825023862960579	7.881593517814547
392	6.42054425019822	8.023769565002006
393	5.685497890886902	8.299408036162264
394	6.549400579100304	8.019521314498817
395	4.875768121423202	7.40830640868352
396	7.519477091997463	8.808658030782697
397	5.493516944450551	7.400676244149657
398	5.799393144698835	7.432035176157036
399	8.119985740861129	9.553399648185966
400	5.520777200717585	7.942937124548098
401	7.097184057528825	7.732260604138932
402	5.167099610494866	6.876651273987975
403	5.803763879340974	7.4883476284130275
404	6.3704814440131985	7.558146575061477
405	6.938807135335837	8.992304619705925
406	6.730945272917036	8.398728290600909
407	5.944025586590636	8.338817643355094
408	6.659657658407385	8.22261192045173
409	6.682357071678446	8.441140799448213
410	5.72626078258516	7.3527738998635535
411	6.567233875673974	8.125374457118262
412	5.789929783243608	7.9302045903443315
413	6.6024419160556365	7.660589321862662
414	5.388951856866702	7.600399090180109
415	6.7103941966982905	8.67096811936917
416	5.52033646148707	7.13127644192833
417	5.837205379061144	7.62477602647379
418	6.072772607472684	8.2158837428178
419	5.676299247416461	7.893111799855183
420	6.705924994378964	8.60698816392591
421	5.510528881876195	7.53363739766529
422	5.921188115169018	7.571760040345335
423	5.780346716531507	7.6650409908860775
424	5.670975127204848	7.582452345521881
425	6.540635835752459	7.957774542831012
426	7.436652283642464	8.560095438531722
427	5.627769500924555	7.630677869621038
428	7.59106065698844	8.838752430922543
429	6.258064605185711	7.434803178467779
430	5.734558085483373	7.481318670319407
431	8.754067313470399	9.131735108737685
432	7.590879742378615	9.161123729552216
433	5.2923117715632895	7.257298916768126
434	6.681598019676617	8.241534732319032
435	5.2713673082024926	7.385739139578
436	5.305279101577088	7.624175842771678
437	5.238985570403536	7.6740612448080565
438	10.599985029651585	10.494444394607656
439	11.580196522992358	9.792240505005141
440	6.100400529994635	7.6081076755441215
441	8.240480087833975	10.131093541059906
442	5.407370167531942	7.546560155892821
443	5.3945174733761485	7.564419493293591
444	6.9075133480300375	8.447655729028954
445	7.17195048952236	8.978410509388835
446	6.352789830025212	8.869962162167637
447	7.263610702937232	8.9146172838923
448	5.878971535370973	7.704409919203686
449	6.4201842951536126	8.465793322669551
450	5.413099885462029	7.273540408786508
451	5.17742371148101	7.640319789780199
452	5.859548184443895	7.674338117579739
453	6.085117637403263	7.163989201616013
454	7.3989316947089065	8.931257241883788
455	5.845403187490434	7.989369345821732
456	6.015906128011666	7.8318343832881
457	6.709432920623823	8.157155270002825
458	6.819319161419411	8.438518345621393
459	5.397703523911831	7.418695855194944
460	6.506941609559476	8.264067706561338
461	7.572645642392837	9.385155791089371
462	6.3799473583717	7.661972387469895
463	9.349062763002271	10.43380929705875
464	5.968937316696665	7.257178643132475
465	7.417019328074203	8.246717967844093
466	5.724402873999146	7.516439291249328
467	5.2506526514317065	7.481569976063365
468	5.261349438009665	6.929135582647666
469	5.604648545232479	7.6983829425929935
470	5.048792432728951	7.316465983123468
471	7.740861705431274	8.607805541650514
472	5.512438065933104	7.651631236080829
473	5.296216747140355	7.461314754524104
474	11.71650709314665	12.095623735017934
475	5.260800713000858	7.796826280547957
476	6.445710321959128	7.325589856095667
477	6.138583482599924	8.482306022971896
478	7.589259666364409	8.801728074750157
479	5.468230938342236	7.450822336633014
480	6.887283843648938	8.729182867524349
481	6.227909180341508	7.671765837613552
482	4.700423457137231	7.162743749622627
483	5.862831348645884	7.831702641078895
484	5.93652495095692	7.458762163128948
485	5.190968435572426	6.812243886123548
486	6.255899537872293	7.850761938257409
487	5.991566072720975	8.11761489956779
488	9.182740057059544	10.185983881133867
489	5.785783300969348	7.443069174640757
490	7.914782576406258	9.152931144464196
491	6.130434004393386	8.233113944978559
492	6.783588329756192	7.495627046543009
493	8.452847306582187	9.691773185320953
494	6.357465076502174	7.852339110327225
495	5.037728298829133	7.095590671620353
496	5.683954418879805	7.26073553442388
497	5.248721178948415	7.442243692811762
498	6.311901948789669	8.339452144535782
499	6.2457343921254695	8.577229946961427
