0	68.50226093962289	45.13852149157888
1	66.56082021290732	46.23670470479437
2	66.66903901953201	47.67876074823521
3	60.11404049422991	43.139590268708304
4	57.66233583360986	40.78474838607183
5	58.25089667338741	39.99476998642155
6	53.20281548228734	37.29994628755589
7	54.16060964379925	37.377797203365795
8	50.95803253337508	36.64084105049883
9	52.10108220850409	36.718930761888494
10	54.34964537463937	39.27000795758793
11	52.16854971398665	38.96220246511477
12	47.743967826724564	35.56232982860061
13	47.69275003931601	36.24063580245746
14	48.1126104909641	36.90979066896634
15	44.917040136909065	34.85977526681748
16	45.29761961737276	36.16569690897741
17	49.19654192230059	38.436652307411165
18	42.9058452777787	34.40284470990687
19	42.750406480229266	34.101914778384504
20	42.73925280196915	34.55569443527446
21	40.798897029772256	33.00929389343647
22	39.68744766828892	33.04412049287582
23	41.44055728209315	33.34725299589305
24	36.15041755337813	29.848316973379703
25	35.78944958114351	29.974187831864615
26	40.67790097590472	34.18837716686163
27	36.93525270534772	31.888499107801973
28	32.922402964768416	28.632746444413122
29	35.88988709069675	29.886280885407107
30	32.53666880509492	28.648744795918265
31	32.96998966967134	28.54513311454382
32	33.05687467209883	28.711517361849722
33	31.28344736514579	28.342265932091333
34	30.84192803118087	26.2177538836694
35	29.973181818666895	25.926985828223522
36	30.148764835428373	25.711425089141645
37	30.036566903088573	25.135008165098995
38	28.658136889719692	25.47269133946908
39	32.195653192936454	26.09720811906807
40	27.34214139127081	23.75821941927131
41	26.33755446053543	23.033981627394493
42	26.574675328427013	23.040868748856223
43	26.135706022827716	22.14154698914611
44	27.48486328810039	23.513668944590442
45	27.06745730023904	22.39565596487276
46	25.09596666613778	22.458559421535004
47	26.960998350480658	22.116726362846347
48	23.20920847088321	19.73333918958602
49	23.29511587761689	20.31362752645259
50	22.889950503234395	20.347325754312326
51	25.164478836955578	21.880527000540507
52	22.649218741542786	19.252982737389942
53	23.510860417990948	20.529015832909046
54	21.734008311986642	19.054527191872143
55	23.531438284542368	19.500896399401924
56	21.376844962065437	18.62448411225647
57	21.15150949879992	18.229700795433246
58	22.209085371683848	19.98948015950789
59	21.45752593430792	18.970564909273165
60	20.430603501943754	18.325782619329836
61	20.359432341214823	18.04370909548665
62	20.846003249197448	18.069785689752052
63	20.643586569270663	18.688798307375553
64	20.12715023916441	17.882115415775434
65	20.161384015358653	17.254786445322633
66	20.050743587740673	17.70949527709027
67	18.80121817668513	16.866957298493986
68	19.335880950524256	17.5659353163764
69	18.880568382049844	16.911087774659986
70	18.633955122982247	16.515238379113644
71	18.221809017992527	16.76249612471423
72	19.317739672173285	16.629912545108144
73	18.785783309945494	18.06347501155156
74	18.22161484202698	17.145247495443737
75	18.683268519651314	17.132013403768426
76	17.922832423843065	16.032140097163634
77	20.335057442057227	16.6711879849102
78	17.923252152306304	16.146148235760744
79	22.25308484944682	18.31631131741684
80	19.371282105219265	16.993948042877356
81	17.9026534903187	16.51240132460846
82	17.54703640919524	16.677268263207182
83	19.082008423198257	16.750398276260924
84	19.195269360803294	18.01192379335059
85	19.594221786966862	17.75735577795499
86	17.407027063159212	15.975544921390147
87	17.441193042145883	15.496289462017868
88	16.526004638580538	15.774757114963114
89	16.466409675493868	15.072906953314433
90	16.515490710644205	15.64206297556328
91	15.92241913200428	15.170967684888899
92	15.867651537011914	14.514624058453437
93	16.792630463756012	15.744673204071372
94	17.312508737267475	16.15793300706808
95	16.249102603852197	14.897405647243518
96	15.425700960516947	14.303100052018046
97	16.677294883771562	16.04869349524607
98	16.158802425651363	14.517901864133771
99	14.845453494348787	14.03457965448127
100	15.597302217633622	14.392082790530266
101	16.814623358118094	16.501512922490743
102	15.447724743484972	14.848735000072795
103	15.32498036647311	14.405569537141451
104	14.702211634411919	14.581974663498427
105	17.54887725505324	17.189754864996406
106	14.303755964281432	13.678721160470687
107	14.166425293677317	13.291607413792168
108	18.29943311207296	15.842860935798385
109	14.174335375169091	13.7968503814578
110	13.78706452416836	13.446834099128788
111	13.812792312813762	13.081100107680985
112	13.750781854050663	13.269744886152068
113	15.307410550950015	15.150434929280994
114	13.53911845804775	12.72187391524018
115	13.411744607306835	13.274397225991633
116	13.266712676416825	12.667319354889479
117	15.033637138727158	13.59838347748137
118	14.102034996713636	13.250409662631078
119	13.045496400068693	12.420220345366541
120	14.03832496631697	13.5101753144833
121	13.216856017644806	11.791210797329077
122	12.757075156797029	11.699821540336726
123	14.043508690652684	12.28002551115563
124	12.855666554734865	11.826953932372607
125	13.142160241359917	11.672381830687117
126	12.718423420235327	11.52637023616763
127	13.47685505900072	12.255929739275304
128	12.47071913387912	10.92886141524003
129	12.323246872960834	11.425842614569852
130	12.429963784036197	11.413838406288946
131	12.034743433071485	11.262901888910795
132	11.565291900440139	11.03112225041071
133	12.344473519533288	10.835607598007627
134	12.742204905606604	11.663030946592162
135	14.464541264342097	12.049086573115906
136	14.296290243718838	13.019345761004892
137	12.16000651490055	12.074183376613021
138	12.174812348754333	10.16131059732552
139	11.269168086980319	10.29528787556077
140	12.599038162072922	11.599522681278081
141	11.18349283646644	10.577518502290257
142	11.406406385276988	10.01612422100575
143	12.794866082903331	12.553590088164537
144	11.522714946226534	10.273507022491989
145	11.38834072997253	10.722074715521831
146	12.134863149221761	10.344143053952331
147	11.704235132602403	10.883226612439124
148	10.614877034218312	9.601047497026913
149	12.792596828081136	10.822488488768311
150	10.782662329577379	10.297604337671336
151	10.704132719396203	9.978786862164112
152	10.863734169879807	9.397137828194062
153	10.498985665153066	9.562814805853039
154	10.686963811905539	9.502117899207498
155	10.238681561316735	9.59108454700942
156	11.84970720776618	10.296626142276466
157	11.222097895544607	10.567679577508489
158	10.664694385761496	9.735505422915342
159	10.203683323118206	9.6789408214116
160	12.514744888721676	10.746807754801296
161	11.456906974833883	9.364690262809846
162	10.614127890407932	9.783939292674152
163	10.849471586181696	10.162572854312408
164	11.464360238849174	10.24956326530378
165	11.41665241898771	10.411869740435103
166	10.047814536981564	8.901612135700912
167	10.5499348734996	8.88025239580406
168	9.822290993431245	8.80416561720922
169	11.160369321173564	9.178609551991286
170	10.052149569442548	9.017254419289584
171	10.752914203281676	9.191896833309029
172	9.837767408903517	8.906644591419282
173	10.013953798629027	8.456274441674683
174	10.549767663531162	9.502175759158467
175	10.079408622343122	9.12391097941043
176	11.561299377952992	9.91968161427659
177	9.87999954823627	8.781233496208726
178	9.935078868072088	8.738388568044904
179	9.557970691777742	8.743441643081116
180	10.306234588466038	8.787471829942147
181	11.538337142535788	9.579679189167804
182	10.173319324148341	8.786828118541104
183	9.991356833271588	8.470041328814975
184	10.868901903127298	9.478244805846783
185	10.522828783684085	9.431336484024929
186	10.944292637591154	9.8740877802641
187	9.923259773708603	9.035055202067783
188	9.330281201464828	8.393035933210994
189	10.128754729895443	8.75159054846676
190	9.627485050948799	9.093774790926853
191	9.813174990336044	9.147437519482816
192	9.323496602975176	8.865661497679328
193	9.193192193806789	8.640839703925897
194	9.5932964395064	8.441401481361918
195	8.958437959061937	8.20729521118914
196	9.517344894777302	8.219805513113283
197	9.710447405419677	8.440390304194052
198	9.293470531350303	8.13540273925469
199	9.649368691324774	8.733050377095129
200	9.188794079864522	8.376558833199635
201	9.952134240002854	8.993562073019628
202	8.860120185708057	8.468452049591676
203	9.80161862752571	8.243791107326135
204	8.7192782123448	8.039365821020905
205	9.109472606809822	8.344821398284743
206	10.092899381298901	8.35773002647014
207	10.144164807289352	9.453270394078702
208	9.566343896773375	8.984636050466044
209	8.82450581889136	7.901192420757087
210	10.385248000637645	9.024479643736143
211	8.76764318446927	8.003629239751643
212	10.474893045315957	9.279508308780912
213	12.186326085937305	10.178702581665918
214	9.521388162231352	8.073539326988806
215	8.8652585203438	8.18209221470641
216	9.565914743140349	8.384843554656806
217	8.650614620525625	7.645132242366343
218	9.882807482316487	8.857505309615666
219	9.640737451940238	9.027030012875214
220	8.641177597189401	7.694781961050636
221	9.265944681022829	8.094785489799369
222	8.728347656971705	8.029971524530486
223	9.144179400538684	8.316108695662281
224	10.00183956409536	8.774509725564194
225	9.52541769979106	7.937402611990862
226	8.525299687701331	7.793755793222724
227	8.765668886876266	7.916543825751114
228	9.311412074479835	8.342463403235687
229	10.742331714739937	9.467209804592223
230	8.455801050846905	7.96721258672432
231	10.536981113817664	9.289343358068216
232	8.717525594559481	7.930997398114882
233	8.378285217507992	7.755248234100049
234	9.090125520624039	8.102010191449883
235	9.420666078797097	8.060489278965953
236	8.565434405334337	8.195089484445488
237	9.104166329982744	8.56100971569221
238	8.708115910445981	8.124063918961768
239	8.739287718032745	8.327130402921089
240	8.902892763779816	7.9770127720658675
241	9.688268917239196	7.983558524943084
242	9.629540198127671	8.402733800441178
243	7.98428545198447	7.401230139865914
244	9.43402805010264	8.341012469729941
245	8.790038871564747	7.944324901928027
246	9.103798804649177	7.973006643322418
247	9.07303065927111	7.778447264832841
248	8.798605268144312	7.794333690658678
249	8.148999077235683	8.037534213248772
250	8.998616082543782	8.52990778012085
251	8.377024559829334	7.629339566011491
252	8.257959960818122	7.667022138733999
253	9.061808524147951	7.875806578257103
254	8.527474622083757	7.961790953442734
255	8.908439328623812	7.719858476387405
256	9.615482004491971	9.150641556246544
257	7.989458065316984	7.420657822994984
258	7.84866984709321	7.287478309027583
259	8.849133902943047	8.306829920464267
260	7.960665916180043	7.508021765557678
261	8.42561614991059	8.163792245393601
262	8.369900196145153	7.933929123191209
263	8.219890377105175	7.6967863591556815
264	9.141420820372453	8.608894605744311
265	9.852814550576905	8.972230797754522
266	9.057897986559938	8.17962181470727
267	8.540130981831208	7.726994944490319
268	8.441668808630233	7.9770483453999965
269	8.337508031109415	7.764712336083143
270	8.217890491195888	7.702747679715773
271	8.129660850885312	7.534914719935096
272	8.098565060356668	7.5464770355810495
273	8.66457589620741	8.172878081673455
274	8.231342575119626	7.931080333222432
275	8.713849184844365	7.8078538769997845
276	8.662254688389154	7.41955561464699
277	8.40037829474598	8.069852027974452
278	7.859650417253075	7.58370236908601
279	8.677594397896256	7.686376575260249
280	8.426276123177562	7.924878094462084
281	9.386459639024858	8.915287848282608
282	8.855020852857846	8.108170927810999
283	7.966735806762171	7.629721143825368
284	9.468785998021813	8.185811810335217
285	8.645366464446061	7.684825856541764
286	7.90158211220612	7.313936436015792
287	8.352835859670561	7.3613238453160355
288	8.032508013089227	7.57988123649614
289	8.695830995846109	8.183752905138748
290	8.457398501330728	7.867129970913849
291	8.237560130074502	7.652861873357974
292	8.249804686460642	7.507500971332527
293	8.73635890815937	7.824336480953174
294	8.435278900079641	7.9096268634790015
295	8.109452249120183	7.505852762297414
296	9.724275406117838	9.026780843613832
297	9.377789383193667	8.235380625764776
298	8.662955608317752	7.856742998604522
299	8.064828967461443	7.404463986186069
300	8.466093179566716	7.4880347637462705
301	8.316121572786388	7.857962191170801
302	8.362851573813982	7.441437246533273
303	8.625195939405238	8.08164149695924
304	8.021460156976696	7.239220869148272
305	8.544906683960855	7.582055128517877
306	9.083925039153206	8.188468059804395
307	8.305391986440751	7.434370211108565
308	7.941827399038409	7.138327196932454
309	8.57629047946483	7.597555905041265
310	9.438169005687019	8.0116111742522
311	8.628269490537775	8.149224508268267
312	8.508543080033352	7.655056084801706
313	8.607783372866555	7.611189055743077
314	7.845038854595918	7.330313925775861
315	8.700727881260478	8.17685207554452
316	8.476793634208313	7.782877328552213
317	8.641815936758972	7.596897378165232
318	8.078002619759172	7.688111885693669
319	7.987543279190524	7.6073982979769585
320	8.067889472265009	7.509726065045311
321	7.707439565443231	7.315197941766721
322	8.25158049094585	7.346405348841394
323	7.723685784463075	7.194566940200124
324	7.872529744208871	7.018403271085247
325	8.127110744940033	7.5440876981583695
326	8.57062219891689	7.320920587023411
327	9.348227514913305	8.500594130906709
328	7.866234745341261	7.51377094403848
329	8.55895973237027	8.322835594036109
330	8.293727075137767	7.813749140956039
331	8.205317965274041	7.442207897653228
332	7.582381794644501	7.235763983214759
333	7.667259767126636	7.383210067000202
334	8.140696125464139	7.901203699449844
335	7.650300259882909	7.368531958423644
336	8.103951473129348	7.671001423629396
337	8.347914154796065	8.37314953210026
338	7.958876352881369	7.603416720953671
339	7.626711398482285	7.204150805210107
340	7.430549517683916	7.011702479044155
341	7.504622807891424	6.876735486984865
342	8.002680781474218	7.446334741041573
343	8.314739387912216	8.19668625911634
344	8.285069980151766	7.3144316071217945
345	7.250218138840408	6.978418249869673
346	7.723194063071243	7.438713217628897
347	7.79310855353562	7.287002554233821
348	7.648189924245669	7.874635796943459
349	7.425964592914924	7.1328367057837365
350	8.16251840743823	7.597013957265041
351	7.398002175679529	6.891923913528814
352	8.268803293188023	7.469919290527106
353	8.48425058777136	7.672866862586675
354	7.492176706783906	7.466010692737644
355	7.773184748382912	7.390509409395669
356	8.175945595914042	7.748570491807822
357	7.746655215718056	7.056114259277848
358	8.056439136427482	7.294840119331993
359	7.506751478793114	7.230980105511247
360	7.847392655323727	6.84326480776418
361	8.002315707591489	7.932325816621321
362	7.32146614343929	6.893763621643342
363	7.360879492782307	7.03284899868442
364	7.217691816266106	7.0782235173159425
365	7.8812887498939	7.4900000658212225
366	7.156658773247143	7.16315707394895
367	7.523816720499722	7.0927897258188395
368	7.471829267344075	7.255215212299552
369	7.895329613967969	7.41523950647648
370	7.1290176192218775	6.876807274309975
371	8.039547699736639	7.211624071826172
372	7.291808076537743	6.922789799846219
373	8.774042916928689	7.907849233860053
374	6.92787854936905	6.798459032127644
375	8.33572904698811	7.489834728796136
376	7.764005212090389	7.717837676203919
377	8.041925973818552	8.301554459505152
378	7.375117612913067	7.370196353035848
379	6.931055672078989	7.223407729172072
380	7.809201759749645	7.6000164145098985
381	7.420737368929838	7.386524722358651
382	7.0330958637814796	7.483616286437328
383	7.025076288199278	7.254936608093611
384	6.927897263405677	6.827263821764636
385	6.828666060939731	6.7494591372286425
386	7.0932737560364245	6.89277402316573
387	9.04761975248776	7.679053810286147
388	7.179308768394344	7.248291086224521
389	9.098495425453276	8.84550813793966
390	7.195733573815283	6.903468626700944
391	7.1413732596041015	7.138072247676212
392	7.127461833374116	6.952292771771019
393	6.796457290363934	6.459778748323166
394	6.697071661598917	6.614040370762864
395	6.786027993756657	6.472610845346488
396	6.762764994128862	6.2290061931773995
397	7.318223921391318	6.646492627838486
398	7.0891975803508185	6.095359922175567
399	6.638766369860795	6.387924291735244
400	6.664110259350001	6.553198966251569
401	6.3522674742373795	5.952409379022154
402	7.326302043202072	6.354570958949146
403	6.581173393003803	6.517632130154253
404	6.765963460549216	6.83686319076373
405	8.864555461318337	8.280071118120672
406	6.75103311978569	6.2117716899112
407	6.36727212440809	5.854703594924041
408	7.136732155814371	6.501927960943147
409	6.511475353237212	6.276687525212615
410	6.255626337708156	6.22854738163895
411	7.288587528820882	7.251546128683037
412	6.677087890492848	6.5937244128154555
413	6.6206202390563025	6.534843218354039
414	6.545732127535382	6.576958762175702
415	6.6769652743337575	6.183357410609701
416	6.379147755602099	6.150428619926579
417	6.440285867276864	6.3163889823694275
418	6.770474836379928	5.89468486384504
419	6.023989731051872	5.887069431975542
420	6.437000734194607	5.9619959055115785
421	6.568584144189353	5.624496460080673
422	6.5436912415352015	5.659696082596287
423	6.64604703184608	6.2664117894067495
424	6.832921336264489	6.056171079950901
425	6.108827898352653	5.6061288793766675
426	6.130349216447036	5.626452296301997
427	6.72405938338295	5.949671769591872
428	6.46274237462616	5.740347464160601
429	6.41476318321961	5.512352231485427
430	6.329372813488972	6.114032028204589
431	6.442629983091523	5.857943954294033
432	6.132777431329361	5.583717983362736
433	6.403766344047242	6.464216396169705
434	6.0517464721689125	5.647396755091008
435	6.274700900992519	5.873440150967068
436	6.607880194012686	5.879982646301554
437	6.160020185507011	5.7111941544413005
438	5.851301961630844	5.172196215545085
439	6.0326760522008085	5.572712114012004
440	6.114964902159439	5.500099670968332
441	5.8610030423031345	5.950929653957562
442	5.971780463076962	5.497389295490929
443	6.23142220319154	5.7813061551426514
444	5.853794920884604	5.7313686338028935
445	6.069972243128666	5.647740527466036
446	5.830652432977675	5.1485283678223395
447	6.190630344763511	6.512957573304933
448	5.702968130796593	5.085061324579124
449	6.189628185596934	5.86911698618459
450	6.001547611993495	5.271767439747892
451	6.057781176222199	5.374611311320956
452	6.208867879955529	6.045365789698981
453	6.987403677612094	6.003370042646485
454	6.150289315239452	5.241292126854927
455	5.855977976847083	5.161182901057117
456	5.509228761693419	5.424640603610539
457	5.59049196223562	5.2659762663288285
458	5.901727468102939	4.787320488984908
459	5.339684929207069	5.253269998433624
460	5.729169215753372	5.1493588565432455
461	6.566499092990816	5.656705656140308
462	5.450066756908866	4.852231630594548
463	6.768053071800465	5.786920278364803
464	5.831189117446252	5.17164679597244
465	5.479306122007059	4.77017993181022
466	5.779596196579492	5.169998388582677
467	5.982642502628774	5.95641882021363
468	6.445240418104963	5.716074818414869
469	6.422750741105601	6.256984924713368
470	6.120734992801497	5.611253707755708
471	5.244085936488728	4.948111079018186
472	7.419724049094399	6.6061359608401915
473	6.39382359838298	5.548242847077347
474	5.279182085107629	4.891406727759958
475	6.672512685874994	5.76698830679127
476	5.526287095559069	5.275681530139497
477	5.611847254548216	5.451907509829976
478	5.2583221846237524	5.119776281045784
479	5.547842583324606	5.2452331188904955
480	6.026586122143847	5.257373298461498
481	5.714251264004247	5.0329138869962255
482	5.2746177756181	4.911925267712925
483	5.530165313051753	5.201765626017913
484	5.116180087287046	4.713662573763259
485	5.969439282850914	5.417906005809156
486	5.213467367170847	4.975444431235316
487	5.451878866571606	4.871147201634753
488	7.043043101158024	6.569744939738319
489	5.549071300576203	4.871553579206273
490	5.6051110266477915	4.851115844701869
491	5.265551874762749	4.827969244462572
492	5.812303034263745	4.983647661512059
493	6.074933833254927	5.056187453004313
494	5.451897843157093	4.99409615386841
495	5.872491433368521	4.9525234518277195
496	6.112376773310416	5.05792544167205
497	5.768064275202308	5.22025216876935
498	5.230500353511138	4.557976628931682
499	9.097431589278441	7.202189432012016
