0	460.0	304.0	53.2520325203252	53.65853658536586	47.368421052631575	52.63157894736842
1	444.0	312.0	54.87804878048781	52.4390243902439	70.51282051282051	29.48717948717949
2	344.0	260.0	65.04065040650406	60.36585365853659	50.76923076923077	49.23076923076923
3	320.0	212.0	67.47967479674797	67.6829268292683	60.37735849056604	39.62264150943396
4	240.0	200.0	75.60975609756098	69.51219512195121	56.00000000000001	44.0
5	424.0	264.0	56.91056910569105	59.756097560975604	96.96969696969697	3.0303030303030303
6	356.0	248.0	63.82113821138211	62.19512195121951	87.09677419354838	12.903225806451612
7	196.0	208.0	80.08130081300813	68.29268292682927	65.38461538461539	34.61538461538461
8	280.0	176.0	71.54471544715447	73.17073170731707	4.545454545454546	95.45454545454545
9	236.0	184.0	76.01626016260163	71.95121951219512	8.695652173913043	91.30434782608695
10	244.0	180.0	75.20325203252033	72.5609756097561	4.444444444444445	95.55555555555556
11	172.0	128.0	82.52032520325203	80.48780487804879	75.0	25.0
12	132.0	144.0	86.58536585365853	78.04878048780488	36.11111111111111	63.888888888888886
13	168.0	132.0	82.92682926829268	79.8780487804878	48.484848484848484	51.515151515151516
14	300.0	216.0	69.51219512195121	67.07317073170732	3.7037037037037033	96.29629629629629
15	72.0	92.0	92.6829268292683	85.97560975609755	43.47826086956522	56.52173913043478
16	260.0	160.0	73.57723577235772	75.60975609756098	2.5	97.5
17	116.0	104.0	88.21138211382113	84.14634146341463	46.15384615384615	53.84615384615385
18	136.0	124.0	86.1788617886179	81.09756097560977	83.87096774193549	16.129032258064516
19	148.0	136.0	84.95934959349594	79.26829268292683	5.88235294117647	94.11764705882352
20	152.0	120.0	84.5528455284553	81.70731707317073	90.0	10.0
21	44.0	100.0	95.52845528455285	84.7560975609756	72.0	28.000000000000004
22	120.0	80.0	87.8048780487805	87.8048780487805	10.0	90.0
23	92.0	144.0	90.65040650406505	78.04878048780488	75.0	25.0
24	116.0	128.0	88.21138211382113	80.48780487804879	78.125	21.875
25	112.0	124.0	88.6178861788618	81.09756097560977	77.41935483870968	22.58064516129032
26	76.0	112.0	92.27642276422763	82.92682926829268	46.42857142857143	53.57142857142857
27	96.0	112.0	90.2439024390244	82.92682926829268	17.857142857142858	82.14285714285714
28	76.0	76.0	92.27642276422763	88.41463414634147	26.31578947368421	73.68421052631578
29	124.0	148.0	87.39837398373984	77.4390243902439	78.37837837837837	21.62162162162162
30	80.0	100.0	91.869918699187	84.7560975609756	72.0	28.000000000000004
31	116.0	104.0	88.21138211382113	84.14634146341463	88.46153846153845	11.538461538461538
32	40.0	64.0	95.9349593495935	90.2439024390244	18.75	81.25
33	40.0	72.0	95.9349593495935	89.02439024390245	33.33333333333333	66.66666666666666
34	96.0	120.0	90.2439024390244	81.70731707317073	80.0	20.0
35	28.0	92.0	97.15447154471545	85.97560975609755	60.86956521739131	39.130434782608695
36	68.0	76.0	93.08943089430895	88.41463414634147	47.368421052631575	52.63157894736842
37	96.0	108.0	90.2439024390244	83.53658536585365	14.814814814814813	85.18518518518519
38	60.0	100.0	93.90243902439023	84.7560975609756	16.0	84.0
39	68.0	88.0	93.08943089430895	86.58536585365853	22.727272727272727	77.27272727272727
40	40.0	88.0	95.9349593495935	86.58536585365853	63.63636363636363	36.36363636363637
41	288.0	184.0	70.73170731707317	71.95121951219512	91.30434782608695	8.695652173913043
42	32.0	72.0	96.7479674796748	89.02439024390245	38.88888888888889	61.111111111111114
43	32.0	92.0	96.7479674796748	85.97560975609755	65.21739130434783	34.78260869565217
44	36.0	84.0	96.34146341463415	87.1951219512195	4.761904761904762	95.23809523809523
45	76.0	116.0	92.27642276422763	82.3170731707317	82.75862068965517	17.24137931034483
46	12.0	68.0	98.78048780487805	89.63414634146342	17.647058823529413	82.35294117647058
47	80.0	112.0	91.869918699187	82.92682926829268	71.42857142857143	28.57142857142857
48	44.0	88.0	95.52845528455285	86.58536585365853	68.18181818181817	31.818181818181817
49	52.0	96.0	94.71544715447155	85.36585365853658	66.66666666666666	33.33333333333333
50	124.0	124.0	87.39837398373984	81.09756097560977	6.451612903225806	93.54838709677419
51	28.0	92.0	97.15447154471545	85.97560975609755	26.08695652173913	73.91304347826086
52	20.0	80.0	97.96747967479675	87.8048780487805	60.0	40.0
53	8.0	52.0	99.1869918699187	92.07317073170732	23.076923076923077	76.92307692307693
54	56.0	84.0	94.3089430894309	87.1951219512195	76.19047619047619	23.809523809523807
55	0.0	68.0	100.0	89.63414634146342	29.411764705882355	70.58823529411765
56	0.0	68.0	100.0	89.63414634146342	29.411764705882355	70.58823529411765
57	0.0	68.0	100.0	89.63414634146342	29.411764705882355	70.58823529411765
58	0.0	68.0	100.0	89.63414634146342	29.411764705882355	70.58823529411765
59	0.0	68.0	100.0	89.63414634146342	29.411764705882355	70.58823529411765
60	0.0	68.0	100.0	89.63414634146342	29.411764705882355	70.58823529411765
61	0.0	68.0	100.0	89.63414634146342	29.411764705882355	70.58823529411765
62	0.0	68.0	100.0	89.63414634146342	29.411764705882355	70.58823529411765
63	0.0	68.0	100.0	89.63414634146342	29.411764705882355	70.58823529411765
64	0.0	68.0	100.0	89.63414634146342	29.411764705882355	70.58823529411765
65	0.0	68.0	100.0	89.63414634146342	29.411764705882355	70.58823529411765
66	0.0	68.0	100.0	89.63414634146342	29.411764705882355	70.58823529411765
67	0.0	68.0	100.0	89.63414634146342	29.411764705882355	70.58823529411765
68	0.0	68.0	100.0	89.63414634146342	29.411764705882355	70.58823529411765
69	0.0	68.0	100.0	89.63414634146342	29.411764705882355	70.58823529411765
70	0.0	68.0	100.0	89.63414634146342	29.411764705882355	70.58823529411765
71	0.0	68.0	100.0	89.63414634146342	29.411764705882355	70.58823529411765
72	0.0	68.0	100.0	89.63414634146342	29.411764705882355	70.58823529411765
73	0.0	68.0	100.0	89.63414634146342	29.411764705882355	70.58823529411765
74	0.0	68.0	100.0	89.63414634146342	29.411764705882355	70.58823529411765
75	0.0	68.0	100.0	89.63414634146342	29.411764705882355	70.58823529411765
76	0.0	68.0	100.0	89.63414634146342	29.411764705882355	70.58823529411765
77	0.0	68.0	100.0	89.63414634146342	29.411764705882355	70.58823529411765
78	0.0	68.0	100.0	89.63414634146342	29.411764705882355	70.58823529411765
79	0.0	68.0	100.0	89.63414634146342	29.411764705882355	70.58823529411765
80	0.0	68.0	100.0	89.63414634146342	29.411764705882355	70.58823529411765
81	0.0	68.0	100.0	89.63414634146342	29.411764705882355	70.58823529411765
82	0.0	68.0	100.0	89.63414634146342	29.411764705882355	70.58823529411765
83	0.0	68.0	100.0	89.63414634146342	29.411764705882355	70.58823529411765
84	0.0	68.0	100.0	89.63414634146342	29.411764705882355	70.58823529411765
85	0.0	68.0	100.0	89.63414634146342	29.411764705882355	70.58823529411765
86	0.0	68.0	100.0	89.63414634146342	29.411764705882355	70.58823529411765
87	0.0	68.0	100.0	89.63414634146342	29.411764705882355	70.58823529411765
88	0.0	68.0	100.0	89.63414634146342	29.411764705882355	70.58823529411765
89	0.0	68.0	100.0	89.63414634146342	29.411764705882355	70.58823529411765
90	0.0	68.0	100.0	89.63414634146342	29.411764705882355	70.58823529411765
91	0.0	68.0	100.0	89.63414634146342	29.411764705882355	70.58823529411765
92	0.0	68.0	100.0	89.63414634146342	29.411764705882355	70.58823529411765
93	0.0	68.0	100.0	89.63414634146342	29.411764705882355	70.58823529411765
94	0.0	68.0	100.0	89.63414634146342	29.411764705882355	70.58823529411765
95	0.0	68.0	100.0	89.63414634146342	29.411764705882355	70.58823529411765
96	0.0	68.0	100.0	89.63414634146342	29.411764705882355	70.58823529411765
97	0.0	68.0	100.0	89.63414634146342	29.411764705882355	70.58823529411765
98	0.0	68.0	100.0	89.63414634146342	29.411764705882355	70.58823529411765
99	0.0	68.0	100.0	89.63414634146342	29.411764705882355	70.58823529411765
100	0.0	68.0	100.0	89.63414634146342	29.411764705882355	70.58823529411765
101	0.0	68.0	100.0	89.63414634146342	29.411764705882355	70.58823529411765
102	0.0	68.0	100.0	89.63414634146342	29.411764705882355	70.58823529411765
103	0.0	68.0	100.0	89.63414634146342	29.411764705882355	70.58823529411765
104	0.0	68.0	100.0	89.63414634146342	29.411764705882355	70.58823529411765
105	0.0	68.0	100.0	89.63414634146342	29.411764705882355	70.58823529411765
106	0.0	68.0	100.0	89.63414634146342	29.411764705882355	70.58823529411765
107	0.0	68.0	100.0	89.63414634146342	29.411764705882355	70.58823529411765
108	0.0	68.0	100.0	89.63414634146342	29.411764705882355	70.58823529411765
109	0.0	68.0	100.0	89.63414634146342	29.411764705882355	70.58823529411765
110	0.0	68.0	100.0	89.63414634146342	29.411764705882355	70.58823529411765
111	0.0	68.0	100.0	89.63414634146342	29.411764705882355	70.58823529411765
112	0.0	68.0	100.0	89.63414634146342	29.411764705882355	70.58823529411765
113	0.0	68.0	100.0	89.63414634146342	29.411764705882355	70.58823529411765
114	0.0	68.0	100.0	89.63414634146342	29.411764705882355	70.58823529411765
115	0.0	68.0	100.0	89.63414634146342	29.411764705882355	70.58823529411765
116	0.0	68.0	100.0	89.63414634146342	29.411764705882355	70.58823529411765
117	0.0	68.0	100.0	89.63414634146342	29.411764705882355	70.58823529411765
118	0.0	68.0	100.0	89.63414634146342	29.411764705882355	70.58823529411765
119	0.0	68.0	100.0	89.63414634146342	29.411764705882355	70.58823529411765
120	0.0	68.0	100.0	89.63414634146342	29.411764705882355	70.58823529411765
121	0.0	68.0	100.0	89.63414634146342	29.411764705882355	70.58823529411765
122	0.0	68.0	100.0	89.63414634146342	29.411764705882355	70.58823529411765
123	0.0	68.0	100.0	89.63414634146342	29.411764705882355	70.58823529411765
124	0.0	68.0	100.0	89.63414634146342	29.411764705882355	70.58823529411765
125	0.0	68.0	100.0	89.63414634146342	29.411764705882355	70.58823529411765
126	0.0	68.0	100.0	89.63414634146342	29.411764705882355	70.58823529411765
127	0.0	68.0	100.0	89.63414634146342	29.411764705882355	70.58823529411765
128	0.0	68.0	100.0	89.63414634146342	29.411764705882355	70.58823529411765
129	0.0	68.0	100.0	89.63414634146342	29.411764705882355	70.58823529411765
130	0.0	68.0	100.0	89.63414634146342	29.411764705882355	70.58823529411765
131	0.0	68.0	100.0	89.63414634146342	29.411764705882355	70.58823529411765
132	0.0	68.0	100.0	89.63414634146342	29.411764705882355	70.58823529411765
133	0.0	68.0	100.0	89.63414634146342	29.411764705882355	70.58823529411765
134	0.0	68.0	100.0	89.63414634146342	29.411764705882355	70.58823529411765
135	0.0	68.0	100.0	89.63414634146342	29.411764705882355	70.58823529411765
136	0.0	68.0	100.0	89.63414634146342	29.411764705882355	70.58823529411765
137	0.0	68.0	100.0	89.63414634146342	29.411764705882355	70.58823529411765
138	0.0	68.0	100.0	89.63414634146342	29.411764705882355	70.58823529411765
139	0.0	68.0	100.0	89.63414634146342	29.411764705882355	70.58823529411765
140	0.0	68.0	100.0	89.63414634146342	29.411764705882355	70.58823529411765
141	0.0	68.0	100.0	89.63414634146342	29.411764705882355	70.58823529411765
142	0.0	68.0	100.0	89.63414634146342	29.411764705882355	70.58823529411765
143	0.0	68.0	100.0	89.63414634146342	29.411764705882355	70.58823529411765
144	0.0	68.0	100.0	89.63414634146342	29.411764705882355	70.58823529411765
145	0.0	68.0	100.0	89.63414634146342	29.411764705882355	70.58823529411765
146	0.0	68.0	100.0	89.63414634146342	29.411764705882355	70.58823529411765
147	0.0	68.0	100.0	89.63414634146342	29.411764705882355	70.58823529411765
148	0.0	68.0	100.0	89.63414634146342	29.411764705882355	70.58823529411765
149	0.0	68.0	100.0	89.63414634146342	29.411764705882355	70.58823529411765
150	0.0	68.0	100.0	89.63414634146342	29.411764705882355	70.58823529411765
151	0.0	68.0	100.0	89.63414634146342	29.411764705882355	70.58823529411765
152	0.0	68.0	100.0	89.63414634146342	29.411764705882355	70.58823529411765
153	0.0	68.0	100.0	89.63414634146342	29.411764705882355	70.58823529411765
154	0.0	68.0	100.0	89.63414634146342	29.411764705882355	70.58823529411765
155	0.0	68.0	100.0	89.63414634146342	29.411764705882355	70.58823529411765
156	0.0	68.0	100.0	89.63414634146342	29.411764705882355	70.58823529411765
157	0.0	68.0	100.0	89.63414634146342	29.411764705882355	70.58823529411765
158	0.0	68.0	100.0	89.63414634146342	29.411764705882355	70.58823529411765
159	0.0	68.0	100.0	89.63414634146342	29.411764705882355	70.58823529411765
160	0.0	68.0	100.0	89.63414634146342	29.411764705882355	70.58823529411765
161	0.0	68.0	100.0	89.63414634146342	29.411764705882355	70.58823529411765
162	0.0	68.0	100.0	89.63414634146342	29.411764705882355	70.58823529411765
163	0.0	68.0	100.0	89.63414634146342	29.411764705882355	70.58823529411765
164	0.0	68.0	100.0	89.63414634146342	29.411764705882355	70.58823529411765
165	0.0	68.0	100.0	89.63414634146342	29.411764705882355	70.58823529411765
166	0.0	68.0	100.0	89.63414634146342	29.411764705882355	70.58823529411765
167	0.0	68.0	100.0	89.63414634146342	29.411764705882355	70.58823529411765
168	0.0	68.0	100.0	89.63414634146342	29.411764705882355	70.58823529411765
169	0.0	68.0	100.0	89.63414634146342	29.411764705882355	70.58823529411765
170	0.0	68.0	100.0	89.63414634146342	29.411764705882355	70.58823529411765
171	0.0	68.0	100.0	89.63414634146342	29.411764705882355	70.58823529411765
172	0.0	68.0	100.0	89.63414634146342	29.411764705882355	70.58823529411765
173	0.0	68.0	100.0	89.63414634146342	29.411764705882355	70.58823529411765
174	0.0	68.0	100.0	89.63414634146342	29.411764705882355	70.58823529411765
175	0.0	68.0	100.0	89.63414634146342	29.411764705882355	70.58823529411765
176	0.0	68.0	100.0	89.63414634146342	29.411764705882355	70.58823529411765
177	0.0	68.0	100.0	89.63414634146342	29.411764705882355	70.58823529411765
178	0.0	68.0	100.0	89.63414634146342	29.411764705882355	70.58823529411765
179	0.0	68.0	100.0	89.63414634146342	29.411764705882355	70.58823529411765
180	0.0	68.0	100.0	89.63414634146342	29.411764705882355	70.58823529411765
181	0.0	68.0	100.0	89.63414634146342	29.411764705882355	70.58823529411765
182	0.0	68.0	100.0	89.63414634146342	29.411764705882355	70.58823529411765
183	0.0	68.0	100.0	89.63414634146342	29.411764705882355	70.58823529411765
184	0.0	68.0	100.0	89.63414634146342	29.411764705882355	70.58823529411765
185	0.0	68.0	100.0	89.63414634146342	29.411764705882355	70.58823529411765
186	0.0	68.0	100.0	89.63414634146342	29.411764705882355	70.58823529411765
187	0.0	68.0	100.0	89.63414634146342	29.411764705882355	70.58823529411765
188	0.0	68.0	100.0	89.63414634146342	29.411764705882355	70.58823529411765
189	0.0	68.0	100.0	89.63414634146342	29.411764705882355	70.58823529411765
190	0.0	68.0	100.0	89.63414634146342	29.411764705882355	70.58823529411765
191	0.0	68.0	100.0	89.63414634146342	29.411764705882355	70.58823529411765
192	0.0	68.0	100.0	89.63414634146342	29.411764705882355	70.58823529411765
193	0.0	68.0	100.0	89.63414634146342	29.411764705882355	70.58823529411765
194	0.0	68.0	100.0	89.63414634146342	29.411764705882355	70.58823529411765
195	0.0	68.0	100.0	89.63414634146342	29.411764705882355	70.58823529411765
196	0.0	68.0	100.0	89.63414634146342	29.411764705882355	70.58823529411765
197	0.0	68.0	100.0	89.63414634146342	29.411764705882355	70.58823529411765
198	0.0	68.0	100.0	89.63414634146342	29.411764705882355	70.58823529411765
199	0.0	68.0	100.0	89.63414634146342	29.411764705882355	70.58823529411765
200	0.0	68.0	100.0	89.63414634146342	29.411764705882355	70.58823529411765
201	0.0	68.0	100.0	89.63414634146342	29.411764705882355	70.58823529411765
202	0.0	68.0	100.0	89.63414634146342	29.411764705882355	70.58823529411765
203	0.0	68.0	100.0	89.63414634146342	29.411764705882355	70.58823529411765
204	0.0	68.0	100.0	89.63414634146342	29.411764705882355	70.58823529411765
205	0.0	68.0	100.0	89.63414634146342	29.411764705882355	70.58823529411765
206	0.0	68.0	100.0	89.63414634146342	29.411764705882355	70.58823529411765
207	0.0	68.0	100.0	89.63414634146342	29.411764705882355	70.58823529411765
208	0.0	68.0	100.0	89.63414634146342	29.411764705882355	70.58823529411765
209	0.0	68.0	100.0	89.63414634146342	29.411764705882355	70.58823529411765
210	0.0	68.0	100.0	89.63414634146342	29.411764705882355	70.58823529411765
211	0.0	68.0	100.0	89.63414634146342	29.411764705882355	70.58823529411765
212	0.0	68.0	100.0	89.63414634146342	29.411764705882355	70.58823529411765
213	0.0	68.0	100.0	89.63414634146342	29.411764705882355	70.58823529411765
214	0.0	68.0	100.0	89.63414634146342	29.411764705882355	70.58823529411765
215	0.0	68.0	100.0	89.63414634146342	29.411764705882355	70.58823529411765
216	0.0	68.0	100.0	89.63414634146342	29.411764705882355	70.58823529411765
217	0.0	68.0	100.0	89.63414634146342	29.411764705882355	70.58823529411765
218	0.0	68.0	100.0	89.63414634146342	29.411764705882355	70.58823529411765
219	0.0	68.0	100.0	89.63414634146342	29.411764705882355	70.58823529411765
220	0.0	68.0	100.0	89.63414634146342	29.411764705882355	70.58823529411765
221	0.0	68.0	100.0	89.63414634146342	29.411764705882355	70.58823529411765
222	0.0	68.0	100.0	89.63414634146342	29.411764705882355	70.58823529411765
223	0.0	68.0	100.0	89.63414634146342	29.411764705882355	70.58823529411765
224	0.0	68.0	100.0	89.63414634146342	29.411764705882355	70.58823529411765
225	0.0	68.0	100.0	89.63414634146342	29.411764705882355	70.58823529411765
226	0.0	68.0	100.0	89.63414634146342	29.411764705882355	70.58823529411765
227	0.0	68.0	100.0	89.63414634146342	29.411764705882355	70.58823529411765
228	0.0	68.0	100.0	89.63414634146342	29.411764705882355	70.58823529411765
229	0.0	68.0	100.0	89.63414634146342	29.411764705882355	70.58823529411765
230	0.0	68.0	100.0	89.63414634146342	29.411764705882355	70.58823529411765
231	0.0	68.0	100.0	89.63414634146342	29.411764705882355	70.58823529411765
232	0.0	68.0	100.0	89.63414634146342	29.411764705882355	70.58823529411765
233	0.0	68.0	100.0	89.63414634146342	29.411764705882355	70.58823529411765
234	0.0	68.0	100.0	89.63414634146342	29.411764705882355	70.58823529411765
235	0.0	68.0	100.0	89.63414634146342	29.411764705882355	70.58823529411765
236	0.0	68.0	100.0	89.63414634146342	29.411764705882355	70.58823529411765
237	0.0	68.0	100.0	89.63414634146342	29.411764705882355	70.58823529411765
238	0.0	68.0	100.0	89.63414634146342	29.411764705882355	70.58823529411765
239	0.0	68.0	100.0	89.63414634146342	29.411764705882355	70.58823529411765
240	0.0	68.0	100.0	89.63414634146342	29.411764705882355	70.58823529411765
241	0.0	68.0	100.0	89.63414634146342	29.411764705882355	70.58823529411765
242	0.0	68.0	100.0	89.63414634146342	29.411764705882355	70.58823529411765
243	0.0	68.0	100.0	89.63414634146342	29.411764705882355	70.58823529411765
244	0.0	68.0	100.0	89.63414634146342	29.411764705882355	70.58823529411765
245	0.0	68.0	100.0	89.63414634146342	29.411764705882355	70.58823529411765
246	0.0	68.0	100.0	89.63414634146342	29.411764705882355	70.58823529411765
247	0.0	68.0	100.0	89.63414634146342	29.411764705882355	70.58823529411765
248	0.0	68.0	100.0	89.63414634146342	29.411764705882355	70.58823529411765
249	0.0	68.0	100.0	89.63414634146342	29.411764705882355	70.58823529411765
250	0.0	68.0	100.0	89.63414634146342	29.411764705882355	70.58823529411765
251	0.0	68.0	100.0	89.63414634146342	29.411764705882355	70.58823529411765
252	0.0	68.0	100.0	89.63414634146342	29.411764705882355	70.58823529411765
253	0.0	68.0	100.0	89.63414634146342	29.411764705882355	70.58823529411765
254	0.0	68.0	100.0	89.63414634146342	29.411764705882355	70.58823529411765
255	0.0	68.0	100.0	89.63414634146342	29.411764705882355	70.58823529411765
256	0.0	68.0	100.0	89.63414634146342	29.411764705882355	70.58823529411765
257	0.0	68.0	100.0	89.63414634146342	29.411764705882355	70.58823529411765
258	0.0	68.0	100.0	89.63414634146342	29.411764705882355	70.58823529411765
259	0.0	68.0	100.0	89.63414634146342	29.411764705882355	70.58823529411765
260	0.0	68.0	100.0	89.63414634146342	29.411764705882355	70.58823529411765
261	0.0	68.0	100.0	89.63414634146342	29.411764705882355	70.58823529411765
262	0.0	68.0	100.0	89.63414634146342	29.411764705882355	70.58823529411765
263	0.0	68.0	100.0	89.63414634146342	29.411764705882355	70.58823529411765
264	0.0	68.0	100.0	89.63414634146342	29.411764705882355	70.58823529411765
265	0.0	68.0	100.0	89.63414634146342	29.411764705882355	70.58823529411765
266	0.0	68.0	100.0	89.63414634146342	29.411764705882355	70.58823529411765
267	0.0	68.0	100.0	89.63414634146342	29.411764705882355	70.58823529411765
268	0.0	68.0	100.0	89.63414634146342	29.411764705882355	70.58823529411765
269	0.0	68.0	100.0	89.63414634146342	29.411764705882355	70.58823529411765
270	0.0	68.0	100.0	89.63414634146342	29.411764705882355	70.58823529411765
271	0.0	68.0	100.0	89.63414634146342	29.411764705882355	70.58823529411765
272	0.0	68.0	100.0	89.63414634146342	29.411764705882355	70.58823529411765
273	0.0	68.0	100.0	89.63414634146342	29.411764705882355	70.58823529411765
274	0.0	68.0	100.0	89.63414634146342	29.411764705882355	70.58823529411765
275	0.0	68.0	100.0	89.63414634146342	29.411764705882355	70.58823529411765
276	0.0	68.0	100.0	89.63414634146342	29.411764705882355	70.58823529411765
277	0.0	68.0	100.0	89.63414634146342	29.411764705882355	70.58823529411765
278	0.0	68.0	100.0	89.63414634146342	29.411764705882355	70.58823529411765
279	0.0	68.0	100.0	89.63414634146342	29.411764705882355	70.58823529411765
280	0.0	68.0	100.0	89.63414634146342	29.411764705882355	70.58823529411765
281	0.0	68.0	100.0	89.63414634146342	29.411764705882355	70.58823529411765
282	0.0	68.0	100.0	89.63414634146342	29.411764705882355	70.58823529411765
283	0.0	68.0	100.0	89.63414634146342	29.411764705882355	70.58823529411765
284	0.0	68.0	100.0	89.63414634146342	29.411764705882355	70.58823529411765
285	0.0	68.0	100.0	89.63414634146342	29.411764705882355	70.58823529411765
286	0.0	68.0	100.0	89.63414634146342	29.411764705882355	70.58823529411765
287	0.0	68.0	100.0	89.63414634146342	29.411764705882355	70.58823529411765
288	0.0	68.0	100.0	89.63414634146342	29.411764705882355	70.58823529411765
289	0.0	68.0	100.0	89.63414634146342	29.411764705882355	70.58823529411765
290	0.0	68.0	100.0	89.63414634146342	29.411764705882355	70.58823529411765
291	0.0	68.0	100.0	89.63414634146342	29.411764705882355	70.58823529411765
292	0.0	68.0	100.0	89.63414634146342	29.411764705882355	70.58823529411765
293	0.0	68.0	100.0	89.63414634146342	29.411764705882355	70.58823529411765
294	0.0	68.0	100.0	89.63414634146342	29.411764705882355	70.58823529411765
295	0.0	68.0	100.0	89.63414634146342	29.411764705882355	70.58823529411765
296	0.0	68.0	100.0	89.63414634146342	29.411764705882355	70.58823529411765
297	0.0	68.0	100.0	89.63414634146342	29.411764705882355	70.58823529411765
298	0.0	68.0	100.0	89.63414634146342	29.411764705882355	70.58823529411765
299	0.0	68.0	100.0	89.63414634146342	29.411764705882355	70.58823529411765
300	0.0	68.0	100.0	89.63414634146342	29.411764705882355	70.58823529411765
301	0.0	68.0	100.0	89.63414634146342	29.411764705882355	70.58823529411765
302	0.0	68.0	100.0	89.63414634146342	29.411764705882355	70.58823529411765
303	0.0	68.0	100.0	89.63414634146342	29.411764705882355	70.58823529411765
304	0.0	68.0	100.0	89.63414634146342	29.411764705882355	70.58823529411765
305	0.0	68.0	100.0	89.63414634146342	29.411764705882355	70.58823529411765
306	0.0	68.0	100.0	89.63414634146342	29.411764705882355	70.58823529411765
307	0.0	68.0	100.0	89.63414634146342	29.411764705882355	70.58823529411765
308	0.0	68.0	100.0	89.63414634146342	29.411764705882355	70.58823529411765
309	0.0	68.0	100.0	89.63414634146342	29.411764705882355	70.58823529411765
310	0.0	68.0	100.0	89.63414634146342	29.411764705882355	70.58823529411765
311	0.0	68.0	100.0	89.63414634146342	29.411764705882355	70.58823529411765
312	0.0	68.0	100.0	89.63414634146342	29.411764705882355	70.58823529411765
313	0.0	68.0	100.0	89.63414634146342	29.411764705882355	70.58823529411765
314	0.0	68.0	100.0	89.63414634146342	29.411764705882355	70.58823529411765
315	0.0	68.0	100.0	89.63414634146342	29.411764705882355	70.58823529411765
316	0.0	68.0	100.0	89.63414634146342	29.411764705882355	70.58823529411765
317	0.0	68.0	100.0	89.63414634146342	29.411764705882355	70.58823529411765
318	0.0	68.0	100.0	89.63414634146342	29.411764705882355	70.58823529411765
319	0.0	68.0	100.0	89.63414634146342	29.411764705882355	70.58823529411765
320	0.0	68.0	100.0	89.63414634146342	29.411764705882355	70.58823529411765
321	0.0	68.0	100.0	89.63414634146342	29.411764705882355	70.58823529411765
322	0.0	68.0	100.0	89.63414634146342	29.411764705882355	70.58823529411765
323	0.0	68.0	100.0	89.63414634146342	29.411764705882355	70.58823529411765
324	0.0	68.0	100.0	89.63414634146342	29.411764705882355	70.58823529411765
325	0.0	68.0	100.0	89.63414634146342	29.411764705882355	70.58823529411765
326	0.0	68.0	100.0	89.63414634146342	29.411764705882355	70.58823529411765
327	0.0	68.0	100.0	89.63414634146342	29.411764705882355	70.58823529411765
328	0.0	68.0	100.0	89.63414634146342	29.411764705882355	70.58823529411765
329	0.0	68.0	100.0	89.63414634146342	29.411764705882355	70.58823529411765
330	0.0	68.0	100.0	89.63414634146342	29.411764705882355	70.58823529411765
331	0.0	68.0	100.0	89.63414634146342	29.411764705882355	70.58823529411765
332	0.0	68.0	100.0	89.63414634146342	29.411764705882355	70.58823529411765
333	0.0	68.0	100.0	89.63414634146342	29.411764705882355	70.58823529411765
334	0.0	68.0	100.0	89.63414634146342	29.411764705882355	70.58823529411765
335	0.0	68.0	100.0	89.63414634146342	29.411764705882355	70.58823529411765
336	0.0	68.0	100.0	89.63414634146342	29.411764705882355	70.58823529411765
337	0.0	68.0	100.0	89.63414634146342	29.411764705882355	70.58823529411765
338	0.0	68.0	100.0	89.63414634146342	29.411764705882355	70.58823529411765
339	0.0	68.0	100.0	89.63414634146342	29.411764705882355	70.58823529411765
340	0.0	68.0	100.0	89.63414634146342	29.411764705882355	70.58823529411765
341	0.0	68.0	100.0	89.63414634146342	29.411764705882355	70.58823529411765
342	0.0	68.0	100.0	89.63414634146342	29.411764705882355	70.58823529411765
343	0.0	68.0	100.0	89.63414634146342	29.411764705882355	70.58823529411765
344	0.0	68.0	100.0	89.63414634146342	29.411764705882355	70.58823529411765
345	0.0	68.0	100.0	89.63414634146342	29.411764705882355	70.58823529411765
346	0.0	68.0	100.0	89.63414634146342	29.411764705882355	70.58823529411765
347	0.0	68.0	100.0	89.63414634146342	29.411764705882355	70.58823529411765
348	0.0	68.0	100.0	89.63414634146342	29.411764705882355	70.58823529411765
349	0.0	68.0	100.0	89.63414634146342	29.411764705882355	70.58823529411765
350	0.0	68.0	100.0	89.63414634146342	29.411764705882355	70.58823529411765
351	0.0	68.0	100.0	89.63414634146342	29.411764705882355	70.58823529411765
352	0.0	68.0	100.0	89.63414634146342	29.411764705882355	70.58823529411765
353	0.0	68.0	100.0	89.63414634146342	29.411764705882355	70.58823529411765
354	0.0	68.0	100.0	89.63414634146342	29.411764705882355	70.58823529411765
355	0.0	68.0	100.0	89.63414634146342	29.411764705882355	70.58823529411765
356	0.0	68.0	100.0	89.63414634146342	29.411764705882355	70.58823529411765
357	0.0	68.0	100.0	89.63414634146342	29.411764705882355	70.58823529411765
358	0.0	68.0	100.0	89.63414634146342	29.411764705882355	70.58823529411765
359	0.0	68.0	100.0	89.63414634146342	29.411764705882355	70.58823529411765
360	0.0	68.0	100.0	89.63414634146342	29.411764705882355	70.58823529411765
361	0.0	68.0	100.0	89.63414634146342	29.411764705882355	70.58823529411765
362	0.0	68.0	100.0	89.63414634146342	29.411764705882355	70.58823529411765
363	0.0	68.0	100.0	89.63414634146342	29.411764705882355	70.58823529411765
364	0.0	68.0	100.0	89.63414634146342	29.411764705882355	70.58823529411765
365	0.0	68.0	100.0	89.63414634146342	29.411764705882355	70.58823529411765
366	0.0	68.0	100.0	89.63414634146342	29.411764705882355	70.58823529411765
367	0.0	68.0	100.0	89.63414634146342	29.411764705882355	70.58823529411765
368	0.0	68.0	100.0	89.63414634146342	29.411764705882355	70.58823529411765
369	0.0	68.0	100.0	89.63414634146342	29.411764705882355	70.58823529411765
370	0.0	68.0	100.0	89.63414634146342	29.411764705882355	70.58823529411765
371	0.0	68.0	100.0	89.63414634146342	29.411764705882355	70.58823529411765
372	0.0	68.0	100.0	89.63414634146342	29.411764705882355	70.58823529411765
373	0.0	68.0	100.0	89.63414634146342	29.411764705882355	70.58823529411765
374	0.0	68.0	100.0	89.63414634146342	29.411764705882355	70.58823529411765
375	0.0	68.0	100.0	89.63414634146342	29.411764705882355	70.58823529411765
376	0.0	68.0	100.0	89.63414634146342	29.411764705882355	70.58823529411765
377	0.0	68.0	100.0	89.63414634146342	29.411764705882355	70.58823529411765
378	0.0	68.0	100.0	89.63414634146342	29.411764705882355	70.58823529411765
379	0.0	68.0	100.0	89.63414634146342	29.411764705882355	70.58823529411765
380	0.0	68.0	100.0	89.63414634146342	29.411764705882355	70.58823529411765
381	0.0	68.0	100.0	89.63414634146342	29.411764705882355	70.58823529411765
382	0.0	68.0	100.0	89.63414634146342	29.411764705882355	70.58823529411765
383	0.0	68.0	100.0	89.63414634146342	29.411764705882355	70.58823529411765
384	0.0	68.0	100.0	89.63414634146342	29.411764705882355	70.58823529411765
385	0.0	68.0	100.0	89.63414634146342	29.411764705882355	70.58823529411765
386	0.0	68.0	100.0	89.63414634146342	29.411764705882355	70.58823529411765
387	0.0	68.0	100.0	89.63414634146342	29.411764705882355	70.58823529411765
388	0.0	68.0	100.0	89.63414634146342	29.411764705882355	70.58823529411765
389	0.0	68.0	100.0	89.63414634146342	29.411764705882355	70.58823529411765
390	0.0	68.0	100.0	89.63414634146342	29.411764705882355	70.58823529411765
391	0.0	68.0	100.0	89.63414634146342	29.411764705882355	70.58823529411765
392	0.0	68.0	100.0	89.63414634146342	29.411764705882355	70.58823529411765
393	0.0	68.0	100.0	89.63414634146342	29.411764705882355	70.58823529411765
394	0.0	68.0	100.0	89.63414634146342	29.411764705882355	70.58823529411765
395	0.0	68.0	100.0	89.63414634146342	29.411764705882355	70.58823529411765
396	0.0	68.0	100.0	89.63414634146342	29.411764705882355	70.58823529411765
397	0.0	68.0	100.0	89.63414634146342	29.411764705882355	70.58823529411765
398	0.0	68.0	100.0	89.63414634146342	29.411764705882355	70.58823529411765
399	0.0	68.0	100.0	89.63414634146342	29.411764705882355	70.58823529411765
400	0.0	68.0	100.0	89.63414634146342	29.411764705882355	70.58823529411765
401	0.0	68.0	100.0	89.63414634146342	29.411764705882355	70.58823529411765
402	0.0	68.0	100.0	89.63414634146342	29.411764705882355	70.58823529411765
403	0.0	68.0	100.0	89.63414634146342	29.411764705882355	70.58823529411765
404	0.0	68.0	100.0	89.63414634146342	29.411764705882355	70.58823529411765
405	0.0	68.0	100.0	89.63414634146342	29.411764705882355	70.58823529411765
406	0.0	68.0	100.0	89.63414634146342	29.411764705882355	70.58823529411765
407	0.0	68.0	100.0	89.63414634146342	29.411764705882355	70.58823529411765
408	0.0	68.0	100.0	89.63414634146342	29.411764705882355	70.58823529411765
409	0.0	68.0	100.0	89.63414634146342	29.411764705882355	70.58823529411765
410	0.0	68.0	100.0	89.63414634146342	29.411764705882355	70.58823529411765
411	0.0	68.0	100.0	89.63414634146342	29.411764705882355	70.58823529411765
412	0.0	68.0	100.0	89.63414634146342	29.411764705882355	70.58823529411765
413	0.0	68.0	100.0	89.63414634146342	29.411764705882355	70.58823529411765
414	0.0	68.0	100.0	89.63414634146342	29.411764705882355	70.58823529411765
415	0.0	68.0	100.0	89.63414634146342	29.411764705882355	70.58823529411765
416	0.0	68.0	100.0	89.63414634146342	29.411764705882355	70.58823529411765
417	0.0	68.0	100.0	89.63414634146342	29.411764705882355	70.58823529411765
418	0.0	68.0	100.0	89.63414634146342	29.411764705882355	70.58823529411765
419	0.0	68.0	100.0	89.63414634146342	29.411764705882355	70.58823529411765
420	0.0	68.0	100.0	89.63414634146342	29.411764705882355	70.58823529411765
421	0.0	68.0	100.0	89.63414634146342	29.411764705882355	70.58823529411765
422	0.0	68.0	100.0	89.63414634146342	29.411764705882355	70.58823529411765
423	0.0	68.0	100.0	89.63414634146342	29.411764705882355	70.58823529411765
424	0.0	68.0	100.0	89.63414634146342	29.411764705882355	70.58823529411765
425	0.0	68.0	100.0	89.63414634146342	29.411764705882355	70.58823529411765
426	0.0	68.0	100.0	89.63414634146342	29.411764705882355	70.58823529411765
427	0.0	68.0	100.0	89.63414634146342	29.411764705882355	70.58823529411765
428	0.0	68.0	100.0	89.63414634146342	29.411764705882355	70.58823529411765
429	0.0	68.0	100.0	89.63414634146342	29.411764705882355	70.58823529411765
430	0.0	68.0	100.0	89.63414634146342	29.411764705882355	70.58823529411765
431	0.0	68.0	100.0	89.63414634146342	29.411764705882355	70.58823529411765
432	0.0	68.0	100.0	89.63414634146342	29.411764705882355	70.58823529411765
433	0.0	68.0	100.0	89.63414634146342	29.411764705882355	70.58823529411765
434	0.0	68.0	100.0	89.63414634146342	29.411764705882355	70.58823529411765
435	0.0	68.0	100.0	89.63414634146342	29.411764705882355	70.58823529411765
436	0.0	68.0	100.0	89.63414634146342	29.411764705882355	70.58823529411765
437	0.0	68.0	100.0	89.63414634146342	29.411764705882355	70.58823529411765
438	0.0	68.0	100.0	89.63414634146342	29.411764705882355	70.58823529411765
439	0.0	68.0	100.0	89.63414634146342	29.411764705882355	70.58823529411765
440	0.0	68.0	100.0	89.63414634146342	29.411764705882355	70.58823529411765
441	0.0	68.0	100.0	89.63414634146342	29.411764705882355	70.58823529411765
442	0.0	68.0	100.0	89.63414634146342	29.411764705882355	70.58823529411765
443	0.0	68.0	100.0	89.63414634146342	29.411764705882355	70.58823529411765
444	0.0	68.0	100.0	89.63414634146342	29.411764705882355	70.58823529411765
445	0.0	68.0	100.0	89.63414634146342	29.411764705882355	70.58823529411765
446	0.0	68.0	100.0	89.63414634146342	29.411764705882355	70.58823529411765
447	0.0	68.0	100.0	89.63414634146342	29.411764705882355	70.58823529411765
448	0.0	68.0	100.0	89.63414634146342	29.411764705882355	70.58823529411765
449	0.0	68.0	100.0	89.63414634146342	29.411764705882355	70.58823529411765
450	0.0	68.0	100.0	89.63414634146342	29.411764705882355	70.58823529411765
451	0.0	68.0	100.0	89.63414634146342	29.411764705882355	70.58823529411765
452	0.0	68.0	100.0	89.63414634146342	29.411764705882355	70.58823529411765
453	0.0	68.0	100.0	89.63414634146342	29.411764705882355	70.58823529411765
454	0.0	68.0	100.0	89.63414634146342	29.411764705882355	70.58823529411765
455	0.0	68.0	100.0	89.63414634146342	29.411764705882355	70.58823529411765
456	0.0	68.0	100.0	89.63414634146342	29.411764705882355	70.58823529411765
457	0.0	68.0	100.0	89.63414634146342	29.411764705882355	70.58823529411765
458	0.0	68.0	100.0	89.63414634146342	29.411764705882355	70.58823529411765
459	0.0	68.0	100.0	89.63414634146342	29.411764705882355	70.58823529411765
460	0.0	68.0	100.0	89.63414634146342	29.411764705882355	70.58823529411765
461	0.0	68.0	100.0	89.63414634146342	29.411764705882355	70.58823529411765
462	0.0	68.0	100.0	89.63414634146342	29.411764705882355	70.58823529411765
463	0.0	68.0	100.0	89.63414634146342	29.411764705882355	70.58823529411765
464	0.0	68.0	100.0	89.63414634146342	29.411764705882355	70.58823529411765
465	0.0	68.0	100.0	89.63414634146342	29.411764705882355	70.58823529411765
466	0.0	68.0	100.0	89.63414634146342	29.411764705882355	70.58823529411765
467	0.0	68.0	100.0	89.63414634146342	29.411764705882355	70.58823529411765
468	0.0	68.0	100.0	89.63414634146342	29.411764705882355	70.58823529411765
469	0.0	68.0	100.0	89.63414634146342	29.411764705882355	70.58823529411765
470	0.0	68.0	100.0	89.63414634146342	29.411764705882355	70.58823529411765
471	0.0	68.0	100.0	89.63414634146342	29.411764705882355	70.58823529411765
472	0.0	68.0	100.0	89.63414634146342	29.411764705882355	70.58823529411765
473	0.0	68.0	100.0	89.63414634146342	29.411764705882355	70.58823529411765
474	0.0	68.0	100.0	89.63414634146342	29.411764705882355	70.58823529411765
475	0.0	68.0	100.0	89.63414634146342	29.411764705882355	70.58823529411765
476	0.0	68.0	100.0	89.63414634146342	29.411764705882355	70.58823529411765
477	0.0	68.0	100.0	89.63414634146342	29.411764705882355	70.58823529411765
478	0.0	68.0	100.0	89.63414634146342	29.411764705882355	70.58823529411765
479	0.0	68.0	100.0	89.63414634146342	29.411764705882355	70.58823529411765
480	0.0	68.0	100.0	89.63414634146342	29.411764705882355	70.58823529411765
481	0.0	68.0	100.0	89.63414634146342	29.411764705882355	70.58823529411765
482	0.0	68.0	100.0	89.63414634146342	29.411764705882355	70.58823529411765
483	0.0	68.0	100.0	89.63414634146342	29.411764705882355	70.58823529411765
484	0.0	68.0	100.0	89.63414634146342	29.411764705882355	70.58823529411765
485	0.0	68.0	100.0	89.63414634146342	29.411764705882355	70.58823529411765
486	0.0	68.0	100.0	89.63414634146342	29.411764705882355	70.58823529411765
487	0.0	68.0	100.0	89.63414634146342	29.411764705882355	70.58823529411765
488	0.0	68.0	100.0	89.63414634146342	29.411764705882355	70.58823529411765
489	0.0	68.0	100.0	89.63414634146342	29.411764705882355	70.58823529411765
490	0.0	68.0	100.0	89.63414634146342	29.411764705882355	70.58823529411765
491	0.0	68.0	100.0	89.63414634146342	29.411764705882355	70.58823529411765
492	0.0	68.0	100.0	89.63414634146342	29.411764705882355	70.58823529411765
493	0.0	68.0	100.0	89.63414634146342	29.411764705882355	70.58823529411765
494	0.0	68.0	100.0	89.63414634146342	29.411764705882355	70.58823529411765
495	0.0	68.0	100.0	89.63414634146342	29.411764705882355	70.58823529411765
496	0.0	68.0	100.0	89.63414634146342	29.411764705882355	70.58823529411765
497	0.0	68.0	100.0	89.63414634146342	29.411764705882355	70.58823529411765
498	0.0	68.0	100.0	89.63414634146342	29.411764705882355	70.58823529411765
499	0.0	68.0	100.0	89.63414634146342	29.411764705882355	70.58823529411765
500	0.0	68.0	100.0	89.63414634146342	29.411764705882355	70.58823529411765
501	0.0	68.0	100.0	89.63414634146342	29.411764705882355	70.58823529411765
502	0.0	68.0	100.0	89.63414634146342	29.411764705882355	70.58823529411765
503	0.0	68.0	100.0	89.63414634146342	29.411764705882355	70.58823529411765
504	0.0	68.0	100.0	89.63414634146342	29.411764705882355	70.58823529411765
505	0.0	68.0	100.0	89.63414634146342	29.411764705882355	70.58823529411765
506	0.0	68.0	100.0	89.63414634146342	29.411764705882355	70.58823529411765
507	0.0	68.0	100.0	89.63414634146342	29.411764705882355	70.58823529411765
508	0.0	68.0	100.0	89.63414634146342	29.411764705882355	70.58823529411765
509	0.0	68.0	100.0	89.63414634146342	29.411764705882355	70.58823529411765
510	0.0	68.0	100.0	89.63414634146342	29.411764705882355	70.58823529411765
511	0.0	68.0	100.0	89.63414634146342	29.411764705882355	70.58823529411765
512	0.0	68.0	100.0	89.63414634146342	29.411764705882355	70.58823529411765
513	0.0	68.0	100.0	89.63414634146342	29.411764705882355	70.58823529411765
514	0.0	68.0	100.0	89.63414634146342	29.411764705882355	70.58823529411765
515	0.0	68.0	100.0	89.63414634146342	29.411764705882355	70.58823529411765
516	0.0	68.0	100.0	89.63414634146342	29.411764705882355	70.58823529411765
517	0.0	68.0	100.0	89.63414634146342	29.411764705882355	70.58823529411765
518	0.0	68.0	100.0	89.63414634146342	29.411764705882355	70.58823529411765
519	0.0	68.0	100.0	89.63414634146342	29.411764705882355	70.58823529411765
520	0.0	68.0	100.0	89.63414634146342	29.411764705882355	70.58823529411765
521	0.0	68.0	100.0	89.63414634146342	29.411764705882355	70.58823529411765
522	0.0	68.0	100.0	89.63414634146342	29.411764705882355	70.58823529411765
523	0.0	68.0	100.0	89.63414634146342	29.411764705882355	70.58823529411765
524	0.0	68.0	100.0	89.63414634146342	29.411764705882355	70.58823529411765
525	0.0	68.0	100.0	89.63414634146342	29.411764705882355	70.58823529411765
526	0.0	68.0	100.0	89.63414634146342	29.411764705882355	70.58823529411765
527	0.0	68.0	100.0	89.63414634146342	29.411764705882355	70.58823529411765
528	0.0	68.0	100.0	89.63414634146342	29.411764705882355	70.58823529411765
529	0.0	68.0	100.0	89.63414634146342	29.411764705882355	70.58823529411765
530	0.0	68.0	100.0	89.63414634146342	29.411764705882355	70.58823529411765
531	0.0	68.0	100.0	89.63414634146342	29.411764705882355	70.58823529411765
532	0.0	68.0	100.0	89.63414634146342	29.411764705882355	70.58823529411765
533	0.0	68.0	100.0	89.63414634146342	29.411764705882355	70.58823529411765
534	0.0	68.0	100.0	89.63414634146342	29.411764705882355	70.58823529411765
535	0.0	68.0	100.0	89.63414634146342	29.411764705882355	70.58823529411765
536	0.0	68.0	100.0	89.63414634146342	29.411764705882355	70.58823529411765
537	0.0	68.0	100.0	89.63414634146342	29.411764705882355	70.58823529411765
538	0.0	68.0	100.0	89.63414634146342	29.411764705882355	70.58823529411765
539	0.0	68.0	100.0	89.63414634146342	29.411764705882355	70.58823529411765
540	0.0	68.0	100.0	89.63414634146342	29.411764705882355	70.58823529411765
541	0.0	68.0	100.0	89.63414634146342	29.411764705882355	70.58823529411765
542	0.0	68.0	100.0	89.63414634146342	29.411764705882355	70.58823529411765
543	0.0	68.0	100.0	89.63414634146342	29.411764705882355	70.58823529411765
544	0.0	68.0	100.0	89.63414634146342	29.411764705882355	70.58823529411765
545	0.0	68.0	100.0	89.63414634146342	29.411764705882355	70.58823529411765
546	0.0	68.0	100.0	89.63414634146342	29.411764705882355	70.58823529411765
547	0.0	68.0	100.0	89.63414634146342	29.411764705882355	70.58823529411765
548	0.0	68.0	100.0	89.63414634146342	29.411764705882355	70.58823529411765
549	0.0	68.0	100.0	89.63414634146342	29.411764705882355	70.58823529411765
550	0.0	68.0	100.0	89.63414634146342	29.411764705882355	70.58823529411765
551	0.0	68.0	100.0	89.63414634146342	29.411764705882355	70.58823529411765
552	0.0	68.0	100.0	89.63414634146342	29.411764705882355	70.58823529411765
553	0.0	68.0	100.0	89.63414634146342	29.411764705882355	70.58823529411765
554	0.0	68.0	100.0	89.63414634146342	29.411764705882355	70.58823529411765
555	0.0	68.0	100.0	89.63414634146342	29.411764705882355	70.58823529411765
556	0.0	68.0	100.0	89.63414634146342	29.411764705882355	70.58823529411765
557	0.0	68.0	100.0	89.63414634146342	29.411764705882355	70.58823529411765
558	0.0	68.0	100.0	89.63414634146342	29.411764705882355	70.58823529411765
559	0.0	68.0	100.0	89.63414634146342	29.411764705882355	70.58823529411765
560	0.0	68.0	100.0	89.63414634146342	29.411764705882355	70.58823529411765
561	0.0	68.0	100.0	89.63414634146342	29.411764705882355	70.58823529411765
562	0.0	68.0	100.0	89.63414634146342	29.411764705882355	70.58823529411765
563	0.0	68.0	100.0	89.63414634146342	29.411764705882355	70.58823529411765
564	0.0	68.0	100.0	89.63414634146342	29.411764705882355	70.58823529411765
565	0.0	68.0	100.0	89.63414634146342	29.411764705882355	70.58823529411765
566	0.0	68.0	100.0	89.63414634146342	29.411764705882355	70.58823529411765
567	0.0	68.0	100.0	89.63414634146342	29.411764705882355	70.58823529411765
568	0.0	68.0	100.0	89.63414634146342	29.411764705882355	70.58823529411765
569	0.0	68.0	100.0	89.63414634146342	29.411764705882355	70.58823529411765
570	0.0	68.0	100.0	89.63414634146342	29.411764705882355	70.58823529411765
571	0.0	68.0	100.0	89.63414634146342	29.411764705882355	70.58823529411765
572	0.0	68.0	100.0	89.63414634146342	29.411764705882355	70.58823529411765
573	0.0	68.0	100.0	89.63414634146342	29.411764705882355	70.58823529411765
574	0.0	68.0	100.0	89.63414634146342	29.411764705882355	70.58823529411765
575	0.0	68.0	100.0	89.63414634146342	29.411764705882355	70.58823529411765
576	0.0	68.0	100.0	89.63414634146342	29.411764705882355	70.58823529411765
577	0.0	68.0	100.0	89.63414634146342	29.411764705882355	70.58823529411765
578	0.0	68.0	100.0	89.63414634146342	29.411764705882355	70.58823529411765
579	0.0	68.0	100.0	89.63414634146342	29.411764705882355	70.58823529411765
580	0.0	68.0	100.0	89.63414634146342	29.411764705882355	70.58823529411765
581	0.0	68.0	100.0	89.63414634146342	29.411764705882355	70.58823529411765
582	0.0	68.0	100.0	89.63414634146342	29.411764705882355	70.58823529411765
583	0.0	68.0	100.0	89.63414634146342	29.411764705882355	70.58823529411765
584	0.0	68.0	100.0	89.63414634146342	29.411764705882355	70.58823529411765
585	0.0	68.0	100.0	89.63414634146342	29.411764705882355	70.58823529411765
586	0.0	68.0	100.0	89.63414634146342	29.411764705882355	70.58823529411765
587	0.0	68.0	100.0	89.63414634146342	29.411764705882355	70.58823529411765
588	0.0	68.0	100.0	89.63414634146342	29.411764705882355	70.58823529411765
589	0.0	68.0	100.0	89.63414634146342	29.411764705882355	70.58823529411765
590	0.0	68.0	100.0	89.63414634146342	29.411764705882355	70.58823529411765
591	0.0	68.0	100.0	89.63414634146342	29.411764705882355	70.58823529411765
592	0.0	68.0	100.0	89.63414634146342	29.411764705882355	70.58823529411765
593	0.0	68.0	100.0	89.63414634146342	29.411764705882355	70.58823529411765
594	0.0	68.0	100.0	89.63414634146342	29.411764705882355	70.58823529411765
595	0.0	68.0	100.0	89.63414634146342	29.411764705882355	70.58823529411765
596	0.0	68.0	100.0	89.63414634146342	29.411764705882355	70.58823529411765
597	0.0	68.0	100.0	89.63414634146342	29.411764705882355	70.58823529411765
598	0.0	68.0	100.0	89.63414634146342	29.411764705882355	70.58823529411765
599	0.0	68.0	100.0	89.63414634146342	29.411764705882355	70.58823529411765
600	0.0	68.0	100.0	89.63414634146342	29.411764705882355	70.58823529411765
601	0.0	68.0	100.0	89.63414634146342	29.411764705882355	70.58823529411765
602	0.0	68.0	100.0	89.63414634146342	29.411764705882355	70.58823529411765
603	0.0	68.0	100.0	89.63414634146342	29.411764705882355	70.58823529411765
604	0.0	68.0	100.0	89.63414634146342	29.411764705882355	70.58823529411765
605	0.0	68.0	100.0	89.63414634146342	29.411764705882355	70.58823529411765
606	0.0	68.0	100.0	89.63414634146342	29.411764705882355	70.58823529411765
607	0.0	68.0	100.0	89.63414634146342	29.411764705882355	70.58823529411765
608	0.0	68.0	100.0	89.63414634146342	29.411764705882355	70.58823529411765
609	0.0	68.0	100.0	89.63414634146342	29.411764705882355	70.58823529411765
610	0.0	68.0	100.0	89.63414634146342	29.411764705882355	70.58823529411765
611	0.0	68.0	100.0	89.63414634146342	29.411764705882355	70.58823529411765
612	0.0	68.0	100.0	89.63414634146342	29.411764705882355	70.58823529411765
613	0.0	68.0	100.0	89.63414634146342	29.411764705882355	70.58823529411765
614	0.0	68.0	100.0	89.63414634146342	29.411764705882355	70.58823529411765
615	0.0	68.0	100.0	89.63414634146342	29.411764705882355	70.58823529411765
616	0.0	68.0	100.0	89.63414634146342	29.411764705882355	70.58823529411765
617	0.0	68.0	100.0	89.63414634146342	29.411764705882355	70.58823529411765
618	0.0	68.0	100.0	89.63414634146342	29.411764705882355	70.58823529411765
619	0.0	68.0	100.0	89.63414634146342	29.411764705882355	70.58823529411765
620	0.0	68.0	100.0	89.63414634146342	29.411764705882355	70.58823529411765
621	0.0	68.0	100.0	89.63414634146342	29.411764705882355	70.58823529411765
622	0.0	68.0	100.0	89.63414634146342	29.411764705882355	70.58823529411765
623	0.0	68.0	100.0	89.63414634146342	29.411764705882355	70.58823529411765
624	0.0	68.0	100.0	89.63414634146342	29.411764705882355	70.58823529411765
625	0.0	68.0	100.0	89.63414634146342	29.411764705882355	70.58823529411765
626	0.0	68.0	100.0	89.63414634146342	29.411764705882355	70.58823529411765
627	0.0	68.0	100.0	89.63414634146342	29.411764705882355	70.58823529411765
628	0.0	68.0	100.0	89.63414634146342	29.411764705882355	70.58823529411765
629	0.0	68.0	100.0	89.63414634146342	29.411764705882355	70.58823529411765
630	0.0	68.0	100.0	89.63414634146342	29.411764705882355	70.58823529411765
631	0.0	68.0	100.0	89.63414634146342	29.411764705882355	70.58823529411765
632	0.0	68.0	100.0	89.63414634146342	29.411764705882355	70.58823529411765
633	0.0	68.0	100.0	89.63414634146342	29.411764705882355	70.58823529411765
634	0.0	68.0	100.0	89.63414634146342	29.411764705882355	70.58823529411765
635	0.0	68.0	100.0	89.63414634146342	29.411764705882355	70.58823529411765
636	0.0	68.0	100.0	89.63414634146342	29.411764705882355	70.58823529411765
637	0.0	68.0	100.0	89.63414634146342	29.411764705882355	70.58823529411765
638	0.0	68.0	100.0	89.63414634146342	29.411764705882355	70.58823529411765
639	0.0	68.0	100.0	89.63414634146342	29.411764705882355	70.58823529411765
640	0.0	68.0	100.0	89.63414634146342	29.411764705882355	70.58823529411765
641	0.0	68.0	100.0	89.63414634146342	29.411764705882355	70.58823529411765
642	0.0	68.0	100.0	89.63414634146342	29.411764705882355	70.58823529411765
643	0.0	68.0	100.0	89.63414634146342	29.411764705882355	70.58823529411765
644	0.0	68.0	100.0	89.63414634146342	29.411764705882355	70.58823529411765
645	0.0	68.0	100.0	89.63414634146342	29.411764705882355	70.58823529411765
646	0.0	68.0	100.0	89.63414634146342	29.411764705882355	70.58823529411765
647	0.0	68.0	100.0	89.63414634146342	29.411764705882355	70.58823529411765
648	0.0	68.0	100.0	89.63414634146342	29.411764705882355	70.58823529411765
649	0.0	68.0	100.0	89.63414634146342	29.411764705882355	70.58823529411765
650	0.0	68.0	100.0	89.63414634146342	29.411764705882355	70.58823529411765
651	0.0	68.0	100.0	89.63414634146342	29.411764705882355	70.58823529411765
652	0.0	68.0	100.0	89.63414634146342	29.411764705882355	70.58823529411765
653	0.0	68.0	100.0	89.63414634146342	29.411764705882355	70.58823529411765
654	0.0	68.0	100.0	89.63414634146342	29.411764705882355	70.58823529411765
655	0.0	68.0	100.0	89.63414634146342	29.411764705882355	70.58823529411765
656	0.0	68.0	100.0	89.63414634146342	29.411764705882355	70.58823529411765
657	0.0	68.0	100.0	89.63414634146342	29.411764705882355	70.58823529411765
658	0.0	68.0	100.0	89.63414634146342	29.411764705882355	70.58823529411765
659	0.0	68.0	100.0	89.63414634146342	29.411764705882355	70.58823529411765
660	0.0	68.0	100.0	89.63414634146342	29.411764705882355	70.58823529411765
661	0.0	68.0	100.0	89.63414634146342	29.411764705882355	70.58823529411765
662	0.0	68.0	100.0	89.63414634146342	29.411764705882355	70.58823529411765
663	0.0	68.0	100.0	89.63414634146342	29.411764705882355	70.58823529411765
664	0.0	68.0	100.0	89.63414634146342	29.411764705882355	70.58823529411765
665	0.0	68.0	100.0	89.63414634146342	29.411764705882355	70.58823529411765
666	0.0	68.0	100.0	89.63414634146342	29.411764705882355	70.58823529411765
667	0.0	68.0	100.0	89.63414634146342	29.411764705882355	70.58823529411765
668	0.0	68.0	100.0	89.63414634146342	29.411764705882355	70.58823529411765
669	0.0	68.0	100.0	89.63414634146342	29.411764705882355	70.58823529411765
670	0.0	68.0	100.0	89.63414634146342	29.411764705882355	70.58823529411765
671	0.0	68.0	100.0	89.63414634146342	29.411764705882355	70.58823529411765
672	0.0	68.0	100.0	89.63414634146342	29.411764705882355	70.58823529411765
673	0.0	68.0	100.0	89.63414634146342	29.411764705882355	70.58823529411765
674	0.0	68.0	100.0	89.63414634146342	29.411764705882355	70.58823529411765
675	0.0	68.0	100.0	89.63414634146342	29.411764705882355	70.58823529411765
676	0.0	68.0	100.0	89.63414634146342	29.411764705882355	70.58823529411765
677	0.0	68.0	100.0	89.63414634146342	29.411764705882355	70.58823529411765
678	0.0	68.0	100.0	89.63414634146342	29.411764705882355	70.58823529411765
679	0.0	68.0	100.0	89.63414634146342	29.411764705882355	70.58823529411765
680	0.0	68.0	100.0	89.63414634146342	29.411764705882355	70.58823529411765
681	0.0	68.0	100.0	89.63414634146342	29.411764705882355	70.58823529411765
682	0.0	68.0	100.0	89.63414634146342	29.411764705882355	70.58823529411765
683	0.0	68.0	100.0	89.63414634146342	29.411764705882355	70.58823529411765
684	0.0	68.0	100.0	89.63414634146342	29.411764705882355	70.58823529411765
685	0.0	68.0	100.0	89.63414634146342	29.411764705882355	70.58823529411765
686	0.0	68.0	100.0	89.63414634146342	29.411764705882355	70.58823529411765
687	0.0	68.0	100.0	89.63414634146342	29.411764705882355	70.58823529411765
688	0.0	68.0	100.0	89.63414634146342	29.411764705882355	70.58823529411765
689	0.0	68.0	100.0	89.63414634146342	29.411764705882355	70.58823529411765
690	0.0	68.0	100.0	89.63414634146342	29.411764705882355	70.58823529411765
691	0.0	68.0	100.0	89.63414634146342	29.411764705882355	70.58823529411765
692	0.0	68.0	100.0	89.63414634146342	29.411764705882355	70.58823529411765
693	0.0	68.0	100.0	89.63414634146342	29.411764705882355	70.58823529411765
694	0.0	68.0	100.0	89.63414634146342	29.411764705882355	70.58823529411765
695	0.0	68.0	100.0	89.63414634146342	29.411764705882355	70.58823529411765
696	0.0	68.0	100.0	89.63414634146342	29.411764705882355	70.58823529411765
697	0.0	68.0	100.0	89.63414634146342	29.411764705882355	70.58823529411765
698	0.0	68.0	100.0	89.63414634146342	29.411764705882355	70.58823529411765
699	0.0	68.0	100.0	89.63414634146342	29.411764705882355	70.58823529411765
700	0.0	68.0	100.0	89.63414634146342	29.411764705882355	70.58823529411765
701	0.0	68.0	100.0	89.63414634146342	29.411764705882355	70.58823529411765
702	0.0	68.0	100.0	89.63414634146342	29.411764705882355	70.58823529411765
703	0.0	68.0	100.0	89.63414634146342	29.411764705882355	70.58823529411765
704	0.0	68.0	100.0	89.63414634146342	29.411764705882355	70.58823529411765
705	0.0	68.0	100.0	89.63414634146342	29.411764705882355	70.58823529411765
706	0.0	68.0	100.0	89.63414634146342	29.411764705882355	70.58823529411765
707	0.0	68.0	100.0	89.63414634146342	29.411764705882355	70.58823529411765
708	0.0	68.0	100.0	89.63414634146342	29.411764705882355	70.58823529411765
709	0.0	68.0	100.0	89.63414634146342	29.411764705882355	70.58823529411765
710	0.0	68.0	100.0	89.63414634146342	29.411764705882355	70.58823529411765
711	0.0	68.0	100.0	89.63414634146342	29.411764705882355	70.58823529411765
712	0.0	68.0	100.0	89.63414634146342	29.411764705882355	70.58823529411765
713	0.0	68.0	100.0	89.63414634146342	29.411764705882355	70.58823529411765
714	0.0	68.0	100.0	89.63414634146342	29.411764705882355	70.58823529411765
715	0.0	68.0	100.0	89.63414634146342	29.411764705882355	70.58823529411765
716	0.0	68.0	100.0	89.63414634146342	29.411764705882355	70.58823529411765
717	0.0	68.0	100.0	89.63414634146342	29.411764705882355	70.58823529411765
718	0.0	68.0	100.0	89.63414634146342	29.411764705882355	70.58823529411765
719	0.0	68.0	100.0	89.63414634146342	29.411764705882355	70.58823529411765
720	0.0	68.0	100.0	89.63414634146342	29.411764705882355	70.58823529411765
721	0.0	68.0	100.0	89.63414634146342	29.411764705882355	70.58823529411765
722	0.0	68.0	100.0	89.63414634146342	29.411764705882355	70.58823529411765
723	0.0	68.0	100.0	89.63414634146342	29.411764705882355	70.58823529411765
724	0.0	68.0	100.0	89.63414634146342	29.411764705882355	70.58823529411765
725	0.0	68.0	100.0	89.63414634146342	29.411764705882355	70.58823529411765
726	0.0	68.0	100.0	89.63414634146342	29.411764705882355	70.58823529411765
727	0.0	68.0	100.0	89.63414634146342	29.411764705882355	70.58823529411765
728	0.0	68.0	100.0	89.63414634146342	29.411764705882355	70.58823529411765
729	0.0	68.0	100.0	89.63414634146342	29.411764705882355	70.58823529411765
730	0.0	68.0	100.0	89.63414634146342	29.411764705882355	70.58823529411765
731	0.0	68.0	100.0	89.63414634146342	29.411764705882355	70.58823529411765
732	0.0	68.0	100.0	89.63414634146342	29.411764705882355	70.58823529411765
733	0.0	68.0	100.0	89.63414634146342	29.411764705882355	70.58823529411765
734	0.0	68.0	100.0	89.63414634146342	29.411764705882355	70.58823529411765
735	0.0	68.0	100.0	89.63414634146342	29.411764705882355	70.58823529411765
736	0.0	68.0	100.0	89.63414634146342	29.411764705882355	70.58823529411765
737	0.0	68.0	100.0	89.63414634146342	29.411764705882355	70.58823529411765
738	0.0	68.0	100.0	89.63414634146342	29.411764705882355	70.58823529411765
739	0.0	68.0	100.0	89.63414634146342	29.411764705882355	70.58823529411765
740	0.0	68.0	100.0	89.63414634146342	29.411764705882355	70.58823529411765
741	0.0	68.0	100.0	89.63414634146342	29.411764705882355	70.58823529411765
742	0.0	68.0	100.0	89.63414634146342	29.411764705882355	70.58823529411765
743	0.0	68.0	100.0	89.63414634146342	29.411764705882355	70.58823529411765
744	0.0	68.0	100.0	89.63414634146342	29.411764705882355	70.58823529411765
745	0.0	68.0	100.0	89.63414634146342	29.411764705882355	70.58823529411765
746	0.0	68.0	100.0	89.63414634146342	29.411764705882355	70.58823529411765
747	0.0	68.0	100.0	89.63414634146342	29.411764705882355	70.58823529411765
748	0.0	68.0	100.0	89.63414634146342	29.411764705882355	70.58823529411765
749	0.0	68.0	100.0	89.63414634146342	29.411764705882355	70.58823529411765
750	0.0	68.0	100.0	89.63414634146342	29.411764705882355	70.58823529411765
751	0.0	68.0	100.0	89.63414634146342	29.411764705882355	70.58823529411765
752	0.0	68.0	100.0	89.63414634146342	29.411764705882355	70.58823529411765
753	0.0	68.0	100.0	89.63414634146342	29.411764705882355	70.58823529411765
754	0.0	68.0	100.0	89.63414634146342	29.411764705882355	70.58823529411765
755	0.0	68.0	100.0	89.63414634146342	29.411764705882355	70.58823529411765
756	0.0	68.0	100.0	89.63414634146342	29.411764705882355	70.58823529411765
757	0.0	68.0	100.0	89.63414634146342	29.411764705882355	70.58823529411765
758	0.0	68.0	100.0	89.63414634146342	29.411764705882355	70.58823529411765
759	0.0	68.0	100.0	89.63414634146342	29.411764705882355	70.58823529411765
760	0.0	68.0	100.0	89.63414634146342	29.411764705882355	70.58823529411765
761	0.0	68.0	100.0	89.63414634146342	29.411764705882355	70.58823529411765
762	0.0	68.0	100.0	89.63414634146342	29.411764705882355	70.58823529411765
763	0.0	68.0	100.0	89.63414634146342	29.411764705882355	70.58823529411765
764	0.0	68.0	100.0	89.63414634146342	29.411764705882355	70.58823529411765
765	0.0	68.0	100.0	89.63414634146342	29.411764705882355	70.58823529411765
766	0.0	68.0	100.0	89.63414634146342	29.411764705882355	70.58823529411765
767	0.0	68.0	100.0	89.63414634146342	29.411764705882355	70.58823529411765
768	0.0	68.0	100.0	89.63414634146342	29.411764705882355	70.58823529411765
769	0.0	68.0	100.0	89.63414634146342	29.411764705882355	70.58823529411765
770	0.0	68.0	100.0	89.63414634146342	29.411764705882355	70.58823529411765
771	0.0	68.0	100.0	89.63414634146342	29.411764705882355	70.58823529411765
772	0.0	68.0	100.0	89.63414634146342	29.411764705882355	70.58823529411765
773	0.0	68.0	100.0	89.63414634146342	29.411764705882355	70.58823529411765
774	0.0	68.0	100.0	89.63414634146342	29.411764705882355	70.58823529411765
775	0.0	68.0	100.0	89.63414634146342	29.411764705882355	70.58823529411765
776	0.0	68.0	100.0	89.63414634146342	29.411764705882355	70.58823529411765
777	0.0	68.0	100.0	89.63414634146342	29.411764705882355	70.58823529411765
778	0.0	68.0	100.0	89.63414634146342	29.411764705882355	70.58823529411765
779	0.0	68.0	100.0	89.63414634146342	29.411764705882355	70.58823529411765
780	0.0	68.0	100.0	89.63414634146342	29.411764705882355	70.58823529411765
781	0.0	68.0	100.0	89.63414634146342	29.411764705882355	70.58823529411765
782	0.0	68.0	100.0	89.63414634146342	29.411764705882355	70.58823529411765
783	0.0	68.0	100.0	89.63414634146342	29.411764705882355	70.58823529411765
784	0.0	68.0	100.0	89.63414634146342	29.411764705882355	70.58823529411765
785	0.0	68.0	100.0	89.63414634146342	29.411764705882355	70.58823529411765
786	0.0	68.0	100.0	89.63414634146342	29.411764705882355	70.58823529411765
787	0.0	68.0	100.0	89.63414634146342	29.411764705882355	70.58823529411765
788	0.0	68.0	100.0	89.63414634146342	29.411764705882355	70.58823529411765
789	0.0	68.0	100.0	89.63414634146342	29.411764705882355	70.58823529411765
790	0.0	68.0	100.0	89.63414634146342	29.411764705882355	70.58823529411765
791	0.0	68.0	100.0	89.63414634146342	29.411764705882355	70.58823529411765
792	0.0	68.0	100.0	89.63414634146342	29.411764705882355	70.58823529411765
793	0.0	68.0	100.0	89.63414634146342	29.411764705882355	70.58823529411765
794	0.0	68.0	100.0	89.63414634146342	29.411764705882355	70.58823529411765
795	0.0	68.0	100.0	89.63414634146342	29.411764705882355	70.58823529411765
796	0.0	68.0	100.0	89.63414634146342	29.411764705882355	70.58823529411765
797	0.0	68.0	100.0	89.63414634146342	29.411764705882355	70.58823529411765
798	0.0	68.0	100.0	89.63414634146342	29.411764705882355	70.58823529411765
799	0.0	68.0	100.0	89.63414634146342	29.411764705882355	70.58823529411765
800	0.0	68.0	100.0	89.63414634146342	29.411764705882355	70.58823529411765
801	0.0	68.0	100.0	89.63414634146342	29.411764705882355	70.58823529411765
802	0.0	68.0	100.0	89.63414634146342	29.411764705882355	70.58823529411765
803	0.0	68.0	100.0	89.63414634146342	29.411764705882355	70.58823529411765
804	0.0	68.0	100.0	89.63414634146342	29.411764705882355	70.58823529411765
805	0.0	68.0	100.0	89.63414634146342	29.411764705882355	70.58823529411765
806	0.0	68.0	100.0	89.63414634146342	29.411764705882355	70.58823529411765
807	0.0	68.0	100.0	89.63414634146342	29.411764705882355	70.58823529411765
808	0.0	68.0	100.0	89.63414634146342	29.411764705882355	70.58823529411765
809	0.0	68.0	100.0	89.63414634146342	29.411764705882355	70.58823529411765
810	0.0	68.0	100.0	89.63414634146342	29.411764705882355	70.58823529411765
811	0.0	68.0	100.0	89.63414634146342	29.411764705882355	70.58823529411765
812	0.0	68.0	100.0	89.63414634146342	29.411764705882355	70.58823529411765
813	0.0	68.0	100.0	89.63414634146342	29.411764705882355	70.58823529411765
814	0.0	68.0	100.0	89.63414634146342	29.411764705882355	70.58823529411765
815	0.0	68.0	100.0	89.63414634146342	29.411764705882355	70.58823529411765
816	0.0	68.0	100.0	89.63414634146342	29.411764705882355	70.58823529411765
817	0.0	68.0	100.0	89.63414634146342	29.411764705882355	70.58823529411765
818	0.0	68.0	100.0	89.63414634146342	29.411764705882355	70.58823529411765
819	0.0	68.0	100.0	89.63414634146342	29.411764705882355	70.58823529411765
820	0.0	68.0	100.0	89.63414634146342	29.411764705882355	70.58823529411765
821	0.0	68.0	100.0	89.63414634146342	29.411764705882355	70.58823529411765
822	0.0	68.0	100.0	89.63414634146342	29.411764705882355	70.58823529411765
823	0.0	68.0	100.0	89.63414634146342	29.411764705882355	70.58823529411765
824	0.0	68.0	100.0	89.63414634146342	29.411764705882355	70.58823529411765
825	0.0	68.0	100.0	89.63414634146342	29.411764705882355	70.58823529411765
826	0.0	68.0	100.0	89.63414634146342	29.411764705882355	70.58823529411765
827	0.0	68.0	100.0	89.63414634146342	29.411764705882355	70.58823529411765
828	0.0	68.0	100.0	89.63414634146342	29.411764705882355	70.58823529411765
829	0.0	68.0	100.0	89.63414634146342	29.411764705882355	70.58823529411765
830	0.0	68.0	100.0	89.63414634146342	29.411764705882355	70.58823529411765
831	0.0	68.0	100.0	89.63414634146342	29.411764705882355	70.58823529411765
832	0.0	68.0	100.0	89.63414634146342	29.411764705882355	70.58823529411765
833	0.0	68.0	100.0	89.63414634146342	29.411764705882355	70.58823529411765
834	0.0	68.0	100.0	89.63414634146342	29.411764705882355	70.58823529411765
835	0.0	68.0	100.0	89.63414634146342	29.411764705882355	70.58823529411765
836	0.0	68.0	100.0	89.63414634146342	29.411764705882355	70.58823529411765
837	0.0	68.0	100.0	89.63414634146342	29.411764705882355	70.58823529411765
838	0.0	68.0	100.0	89.63414634146342	29.411764705882355	70.58823529411765
839	0.0	68.0	100.0	89.63414634146342	29.411764705882355	70.58823529411765
840	0.0	68.0	100.0	89.63414634146342	29.411764705882355	70.58823529411765
841	0.0	68.0	100.0	89.63414634146342	29.411764705882355	70.58823529411765
842	0.0	68.0	100.0	89.63414634146342	29.411764705882355	70.58823529411765
843	0.0	68.0	100.0	89.63414634146342	29.411764705882355	70.58823529411765
844	0.0	68.0	100.0	89.63414634146342	29.411764705882355	70.58823529411765
845	0.0	68.0	100.0	89.63414634146342	29.411764705882355	70.58823529411765
846	0.0	68.0	100.0	89.63414634146342	29.411764705882355	70.58823529411765
847	0.0	68.0	100.0	89.63414634146342	29.411764705882355	70.58823529411765
848	0.0	68.0	100.0	89.63414634146342	29.411764705882355	70.58823529411765
849	0.0	68.0	100.0	89.63414634146342	29.411764705882355	70.58823529411765
850	0.0	68.0	100.0	89.63414634146342	29.411764705882355	70.58823529411765
851	0.0	68.0	100.0	89.63414634146342	29.411764705882355	70.58823529411765
852	0.0	68.0	100.0	89.63414634146342	29.411764705882355	70.58823529411765
853	0.0	68.0	100.0	89.63414634146342	29.411764705882355	70.58823529411765
854	0.0	68.0	100.0	89.63414634146342	29.411764705882355	70.58823529411765
855	0.0	68.0	100.0	89.63414634146342	29.411764705882355	70.58823529411765
856	0.0	68.0	100.0	89.63414634146342	29.411764705882355	70.58823529411765
857	0.0	68.0	100.0	89.63414634146342	29.411764705882355	70.58823529411765
858	0.0	68.0	100.0	89.63414634146342	29.411764705882355	70.58823529411765
859	0.0	68.0	100.0	89.63414634146342	29.411764705882355	70.58823529411765
860	0.0	68.0	100.0	89.63414634146342	29.411764705882355	70.58823529411765
861	0.0	68.0	100.0	89.63414634146342	29.411764705882355	70.58823529411765
862	0.0	68.0	100.0	89.63414634146342	29.411764705882355	70.58823529411765
863	0.0	68.0	100.0	89.63414634146342	29.411764705882355	70.58823529411765
864	0.0	68.0	100.0	89.63414634146342	29.411764705882355	70.58823529411765
865	0.0	68.0	100.0	89.63414634146342	29.411764705882355	70.58823529411765
866	0.0	68.0	100.0	89.63414634146342	29.411764705882355	70.58823529411765
867	0.0	68.0	100.0	89.63414634146342	29.411764705882355	70.58823529411765
868	0.0	68.0	100.0	89.63414634146342	29.411764705882355	70.58823529411765
869	0.0	68.0	100.0	89.63414634146342	29.411764705882355	70.58823529411765
870	0.0	68.0	100.0	89.63414634146342	29.411764705882355	70.58823529411765
871	0.0	68.0	100.0	89.63414634146342	29.411764705882355	70.58823529411765
872	0.0	68.0	100.0	89.63414634146342	29.411764705882355	70.58823529411765
873	0.0	68.0	100.0	89.63414634146342	29.411764705882355	70.58823529411765
874	0.0	68.0	100.0	89.63414634146342	29.411764705882355	70.58823529411765
875	0.0	68.0	100.0	89.63414634146342	29.411764705882355	70.58823529411765
876	0.0	68.0	100.0	89.63414634146342	29.411764705882355	70.58823529411765
877	0.0	68.0	100.0	89.63414634146342	29.411764705882355	70.58823529411765
878	0.0	68.0	100.0	89.63414634146342	29.411764705882355	70.58823529411765
879	0.0	68.0	100.0	89.63414634146342	29.411764705882355	70.58823529411765
880	0.0	68.0	100.0	89.63414634146342	29.411764705882355	70.58823529411765
881	0.0	68.0	100.0	89.63414634146342	29.411764705882355	70.58823529411765
882	0.0	68.0	100.0	89.63414634146342	29.411764705882355	70.58823529411765
883	0.0	68.0	100.0	89.63414634146342	29.411764705882355	70.58823529411765
884	0.0	68.0	100.0	89.63414634146342	29.411764705882355	70.58823529411765
885	0.0	68.0	100.0	89.63414634146342	29.411764705882355	70.58823529411765
886	0.0	68.0	100.0	89.63414634146342	29.411764705882355	70.58823529411765
887	0.0	68.0	100.0	89.63414634146342	29.411764705882355	70.58823529411765
888	0.0	68.0	100.0	89.63414634146342	29.411764705882355	70.58823529411765
889	0.0	68.0	100.0	89.63414634146342	29.411764705882355	70.58823529411765
890	0.0	68.0	100.0	89.63414634146342	29.411764705882355	70.58823529411765
891	0.0	68.0	100.0	89.63414634146342	29.411764705882355	70.58823529411765
892	0.0	68.0	100.0	89.63414634146342	29.411764705882355	70.58823529411765
893	0.0	68.0	100.0	89.63414634146342	29.411764705882355	70.58823529411765
894	0.0	68.0	100.0	89.63414634146342	29.411764705882355	70.58823529411765
895	0.0	68.0	100.0	89.63414634146342	29.411764705882355	70.58823529411765
896	0.0	68.0	100.0	89.63414634146342	29.411764705882355	70.58823529411765
897	0.0	68.0	100.0	89.63414634146342	29.411764705882355	70.58823529411765
898	0.0	68.0	100.0	89.63414634146342	29.411764705882355	70.58823529411765
899	0.0	68.0	100.0	89.63414634146342	29.411764705882355	70.58823529411765
900	0.0	68.0	100.0	89.63414634146342	29.411764705882355	70.58823529411765
901	0.0	68.0	100.0	89.63414634146342	29.411764705882355	70.58823529411765
902	0.0	68.0	100.0	89.63414634146342	29.411764705882355	70.58823529411765
903	0.0	68.0	100.0	89.63414634146342	29.411764705882355	70.58823529411765
904	0.0	68.0	100.0	89.63414634146342	29.411764705882355	70.58823529411765
905	0.0	68.0	100.0	89.63414634146342	29.411764705882355	70.58823529411765
906	0.0	68.0	100.0	89.63414634146342	29.411764705882355	70.58823529411765
907	0.0	68.0	100.0	89.63414634146342	29.411764705882355	70.58823529411765
908	0.0	68.0	100.0	89.63414634146342	29.411764705882355	70.58823529411765
909	0.0	68.0	100.0	89.63414634146342	29.411764705882355	70.58823529411765
910	0.0	68.0	100.0	89.63414634146342	29.411764705882355	70.58823529411765
911	0.0	68.0	100.0	89.63414634146342	29.411764705882355	70.58823529411765
912	0.0	68.0	100.0	89.63414634146342	29.411764705882355	70.58823529411765
913	0.0	68.0	100.0	89.63414634146342	29.411764705882355	70.58823529411765
914	0.0	68.0	100.0	89.63414634146342	29.411764705882355	70.58823529411765
915	0.0	68.0	100.0	89.63414634146342	29.411764705882355	70.58823529411765
916	0.0	68.0	100.0	89.63414634146342	29.411764705882355	70.58823529411765
917	0.0	68.0	100.0	89.63414634146342	29.411764705882355	70.58823529411765
918	0.0	68.0	100.0	89.63414634146342	29.411764705882355	70.58823529411765
919	0.0	68.0	100.0	89.63414634146342	29.411764705882355	70.58823529411765
920	0.0	68.0	100.0	89.63414634146342	29.411764705882355	70.58823529411765
921	0.0	68.0	100.0	89.63414634146342	29.411764705882355	70.58823529411765
922	0.0	68.0	100.0	89.63414634146342	29.411764705882355	70.58823529411765
923	0.0	68.0	100.0	89.63414634146342	29.411764705882355	70.58823529411765
924	0.0	68.0	100.0	89.63414634146342	29.411764705882355	70.58823529411765
925	0.0	68.0	100.0	89.63414634146342	29.411764705882355	70.58823529411765
926	0.0	68.0	100.0	89.63414634146342	29.411764705882355	70.58823529411765
927	0.0	68.0	100.0	89.63414634146342	29.411764705882355	70.58823529411765
928	0.0	68.0	100.0	89.63414634146342	29.411764705882355	70.58823529411765
929	0.0	68.0	100.0	89.63414634146342	29.411764705882355	70.58823529411765
930	0.0	68.0	100.0	89.63414634146342	29.411764705882355	70.58823529411765
931	0.0	68.0	100.0	89.63414634146342	29.411764705882355	70.58823529411765
932	0.0	68.0	100.0	89.63414634146342	29.411764705882355	70.58823529411765
933	0.0	68.0	100.0	89.63414634146342	29.411764705882355	70.58823529411765
934	0.0	68.0	100.0	89.63414634146342	29.411764705882355	70.58823529411765
935	0.0	68.0	100.0	89.63414634146342	29.411764705882355	70.58823529411765
936	0.0	68.0	100.0	89.63414634146342	29.411764705882355	70.58823529411765
937	0.0	68.0	100.0	89.63414634146342	29.411764705882355	70.58823529411765
938	0.0	68.0	100.0	89.63414634146342	29.411764705882355	70.58823529411765
939	0.0	68.0	100.0	89.63414634146342	29.411764705882355	70.58823529411765
940	0.0	68.0	100.0	89.63414634146342	29.411764705882355	70.58823529411765
941	0.0	68.0	100.0	89.63414634146342	29.411764705882355	70.58823529411765
942	0.0	68.0	100.0	89.63414634146342	29.411764705882355	70.58823529411765
943	0.0	68.0	100.0	89.63414634146342	29.411764705882355	70.58823529411765
944	0.0	68.0	100.0	89.63414634146342	29.411764705882355	70.58823529411765
945	0.0	68.0	100.0	89.63414634146342	29.411764705882355	70.58823529411765
946	0.0	68.0	100.0	89.63414634146342	29.411764705882355	70.58823529411765
947	0.0	68.0	100.0	89.63414634146342	29.411764705882355	70.58823529411765
948	0.0	68.0	100.0	89.63414634146342	29.411764705882355	70.58823529411765
949	0.0	68.0	100.0	89.63414634146342	29.411764705882355	70.58823529411765
950	0.0	68.0	100.0	89.63414634146342	29.411764705882355	70.58823529411765
951	0.0	68.0	100.0	89.63414634146342	29.411764705882355	70.58823529411765
952	0.0	68.0	100.0	89.63414634146342	29.411764705882355	70.58823529411765
953	0.0	68.0	100.0	89.63414634146342	29.411764705882355	70.58823529411765
954	0.0	68.0	100.0	89.63414634146342	29.411764705882355	70.58823529411765
955	0.0	68.0	100.0	89.63414634146342	29.411764705882355	70.58823529411765
956	0.0	68.0	100.0	89.63414634146342	29.411764705882355	70.58823529411765
957	0.0	68.0	100.0	89.63414634146342	29.411764705882355	70.58823529411765
958	0.0	68.0	100.0	89.63414634146342	29.411764705882355	70.58823529411765
959	0.0	68.0	100.0	89.63414634146342	29.411764705882355	70.58823529411765
960	0.0	68.0	100.0	89.63414634146342	29.411764705882355	70.58823529411765
961	0.0	68.0	100.0	89.63414634146342	29.411764705882355	70.58823529411765
962	0.0	68.0	100.0	89.63414634146342	29.411764705882355	70.58823529411765
963	0.0	68.0	100.0	89.63414634146342	29.411764705882355	70.58823529411765
964	0.0	68.0	100.0	89.63414634146342	29.411764705882355	70.58823529411765
965	0.0	68.0	100.0	89.63414634146342	29.411764705882355	70.58823529411765
966	0.0	68.0	100.0	89.63414634146342	29.411764705882355	70.58823529411765
967	0.0	68.0	100.0	89.63414634146342	29.411764705882355	70.58823529411765
968	0.0	68.0	100.0	89.63414634146342	29.411764705882355	70.58823529411765
969	0.0	68.0	100.0	89.63414634146342	29.411764705882355	70.58823529411765
970	0.0	68.0	100.0	89.63414634146342	29.411764705882355	70.58823529411765
971	0.0	68.0	100.0	89.63414634146342	29.411764705882355	70.58823529411765
972	0.0	68.0	100.0	89.63414634146342	29.411764705882355	70.58823529411765
973	0.0	68.0	100.0	89.63414634146342	29.411764705882355	70.58823529411765
974	0.0	68.0	100.0	89.63414634146342	29.411764705882355	70.58823529411765
975	0.0	68.0	100.0	89.63414634146342	29.411764705882355	70.58823529411765
976	0.0	68.0	100.0	89.63414634146342	29.411764705882355	70.58823529411765
977	0.0	68.0	100.0	89.63414634146342	29.411764705882355	70.58823529411765
978	0.0	68.0	100.0	89.63414634146342	29.411764705882355	70.58823529411765
979	0.0	68.0	100.0	89.63414634146342	29.411764705882355	70.58823529411765
980	0.0	68.0	100.0	89.63414634146342	29.411764705882355	70.58823529411765
981	0.0	68.0	100.0	89.63414634146342	29.411764705882355	70.58823529411765
982	0.0	68.0	100.0	89.63414634146342	29.411764705882355	70.58823529411765
983	0.0	68.0	100.0	89.63414634146342	29.411764705882355	70.58823529411765
984	0.0	68.0	100.0	89.63414634146342	29.411764705882355	70.58823529411765
985	0.0	68.0	100.0	89.63414634146342	29.411764705882355	70.58823529411765
986	0.0	68.0	100.0	89.63414634146342	29.411764705882355	70.58823529411765
987	0.0	68.0	100.0	89.63414634146342	29.411764705882355	70.58823529411765
988	0.0	68.0	100.0	89.63414634146342	29.411764705882355	70.58823529411765
989	0.0	68.0	100.0	89.63414634146342	29.411764705882355	70.58823529411765
990	0.0	68.0	100.0	89.63414634146342	29.411764705882355	70.58823529411765
991	0.0	68.0	100.0	89.63414634146342	29.411764705882355	70.58823529411765
992	0.0	68.0	100.0	89.63414634146342	29.411764705882355	70.58823529411765
993	0.0	68.0	100.0	89.63414634146342	29.411764705882355	70.58823529411765
994	0.0	68.0	100.0	89.63414634146342	29.411764705882355	70.58823529411765
995	0.0	68.0	100.0	89.63414634146342	29.411764705882355	70.58823529411765
996	0.0	68.0	100.0	89.63414634146342	29.411764705882355	70.58823529411765
997	0.0	68.0	100.0	89.63414634146342	29.411764705882355	70.58823529411765
998	0.0	68.0	100.0	89.63414634146342	29.411764705882355	70.58823529411765
999	0.0	68.0	100.0	89.63414634146342	29.411764705882355	70.58823529411765
[array([[  3.77960006e+00,   3.78103733e+00,  -3.62069713e+00,
         -1.53534580e+00,   1.47966097e-01,   1.33388609e+00,
         -3.87950189e-01,  -4.95345478e-01,   1.49081761e+00,
         -2.64836274e-01,  -3.04009615e+00],
       [  1.57319330e-01,  -3.83791370e-01,   9.41336069e-01,
          2.74017302e-01,  -5.08293342e-02,   2.86252625e-01,
         -5.69813382e-01,   2.09332502e-01,  -1.01810211e+00,
         -2.27512502e+00,  -2.18553605e+00],
       [ -1.37336490e+00,   4.56907668e-01,   2.10396377e+00,
          2.80392821e-01,   5.44179133e-01,   6.14674244e-01,
         -2.24717164e-01,  -9.18305371e-01,   9.65458831e-01,
         -1.34736582e+00,   1.29839953e+00],
       [ -3.23026406e+00,   1.62350334e+00,  -1.45494367e+00,
          1.27422326e+00,  -1.37525303e-01,   1.41486627e+00,
          3.78368972e-03,  -1.35022474e+00,  -1.32689822e+00,
         -1.55134179e+00,   4.58289612e+00],
       [ -1.79071276e+00,  -1.11384228e+00,   1.26671879e-01,
          2.47823958e+00,   1.73394571e+00,  -2.30331770e+00,
          1.47722569e+00,   8.24798456e-01,  -7.79705107e-01,
         -7.53700009e-01,   6.28433103e-01],
       [  1.99338319e+00,   1.33207174e+00,   1.54258753e+00,
         -2.01560392e+00,   5.03853766e-01,  -5.02489428e-01,
          2.15278943e-01,  -2.05035161e+00,  -1.00098180e+00,
          2.37438861e+00,  -5.27256635e-01],
       [ -2.23867088e+00,  -1.27605524e-01,  -1.52533389e-01,
         -5.21667343e-01,   2.68429439e-01,  -5.70949686e-01,
         -1.17751909e+00,  -6.52436996e-01,  -9.27263721e-01,
          2.65981806e-01,  -2.65264155e-01],
       [ -7.94348727e-02,  -5.75617128e-01,  -1.20713145e+00,
          2.37038938e+00,  -5.18754353e-01,   4.16640064e-01,
         -9.58605832e-02,   2.03085530e+00,   1.34348587e+00,
          2.65950088e+00,   1.35223780e+00],
       [ -9.80320303e-01,   1.10463441e-02,   8.63888085e-01,
          3.74239566e-01,   6.47297020e-01,  -6.88407472e-01,
          7.41677972e-01,   1.14137554e+00,   4.14235549e-01,
         -1.25753454e+00,  -1.74281775e+00],
       [  7.59330623e-01,   6.62123673e-01,  -1.48647563e+00,
          2.15932813e+00,   2.11327849e+00,  -1.71843141e+00,
          2.22125659e-01,   1.17350758e+00,   5.25689400e-01,
         -7.02239093e-01,   5.24368715e-01],
       [ -1.90913826e+00,   9.35354146e-01,   2.62780788e-01,
          2.11304735e+00,   9.60601222e-01,   4.49562674e-01,
         -2.08964509e-01,   1.67757282e+00,   1.29702043e+00,
         -3.20233686e-01,   6.12394280e-01],
       [ -2.16690793e+00,   2.21591327e-01,   5.90633885e-01,
          1.34134752e+00,   5.26413434e-01,   1.73670494e+00,
          9.59279380e-02,  -1.75682321e-01,  -8.59434628e-02,
          1.42609664e+00,  -8.04561131e-01],
       [ -2.22708481e+00,  -1.17262222e+00,   6.16040374e-01,
          7.07920108e-01,   1.32549787e-01,  -1.03654241e+00,
          5.21108628e-01,  -7.90444127e-01,  -8.31115544e-01,
          1.62727439e-01,  -1.47425910e-02],
       [ -1.08698719e+00,  -4.84765971e-01,   7.79913789e-02,
         -1.69900668e+00,   1.27353309e+00,  -1.49138004e+00,
         -7.53248754e-01,   2.83047663e-01,   1.44266100e+00,
          4.11387854e-01,  -2.45182845e+00],
       [  1.78721129e+00,  -1.55028292e+00,   1.12065774e+00,
         -2.03304084e+00,   5.52547685e-01,  -1.53984601e+00,
          1.16701011e-02,   2.82091571e+00,   1.87209469e+00,
         -9.70511767e-01,  -1.58054953e+00],
       [ -1.42153093e+00,   8.84235664e-01,  -2.33223288e+00,
         -6.80722597e-01,   1.16866954e+00,   1.30575113e+00,
          2.10426185e-01,  -3.77681474e-01,  -7.69158634e-01,
         -9.36150085e-01,  -1.16610713e+00],
       [  4.65119066e-01,  -2.69931204e+00,   1.34954844e+00,
          2.26212759e-01,  -9.53721545e-01,   2.77563216e+00,
          1.61237435e-01,   2.20626167e-01,  -2.01196819e-01,
          3.98851184e-01,   1.16454124e+00],
       [ -1.19437795e+00,   5.09068221e-01,  -8.58957897e-01,
          6.79576662e-01,   2.81643966e-01,   8.96113210e-01,
         -1.05718513e+00,   1.14254030e+00,  -8.85310392e-01,
          7.34086034e-01,  -1.80114283e-01],
       [  1.21757890e+00,  -2.66525827e+00,   1.02305128e+00,
          1.67941362e+00,   1.42069699e-01,   5.67144579e-01,
          1.89290036e-01,   1.65840905e+00,  -4.11292951e-02,
         -5.10706532e-01,   1.01032198e+00],
       [  2.50003230e+00,   1.50248672e+00,  -5.04662144e-01,
          2.03869870e+00,   4.54663387e-02,  -2.68524757e+00,
         -3.24612846e+00,   1.60443882e+00,  -3.03438129e-01,
          1.90714982e+00,  -1.44777186e+00],
       [  2.15588365e+00,  -4.81784980e-01,  -8.11479841e-01,
          2.66820084e+00,   8.32085992e-01,  -9.57978718e-01,
          6.50051394e-01,   2.97549823e+00,   1.15181871e+00,
         -1.23573955e+00,   2.94290796e+00]]), array([[ 3.83786933,  0.42042087,  0.99858661, -3.1978064 ,  1.27716686,
        -1.67717986, -0.93573316, -2.11324517,  0.52893587,  1.83099551,
         0.93471605,  0.75224972, -0.02915468, -1.11834944, -2.50354654,
        -1.56406242,  1.35030158, -0.60872245,  1.91449744,  1.45390337,
        -2.92776537]])]
Mejor error: 52.0
