4.27483653e+00 1.36349574e+00 7.09602617e-01 -2.54184913e+00 -4.42165603e-01 8.93111929e-02 -4.12895665e-02 3.82357607e-01 -3.98032370e-01
4.55218360e+00 1.15019349e+00 7.83973639e-01 -2.02461042e+00 -8.12984151e-02 4.31793214e-02 -2.43599244e-01 6.44931044e-02 -2.51658295e-01
4.39713224e+00 7.84813555e-01 9.49652735e-01 -8.19430406e-01 4.31938569e-01 -1.23493060e-01 3.76935266e-01 2.11484956e-01 -5.70707596e-01
4.59977109e+00 5.07300408e-01 1.30436054e+00 6.04624653e-01 1.34518680e+00 -3.31938483e-01 1.08411450e+00 2.77914318e-01 -8.71202025e-01
4.11537525e+00 4.27741344e-01 1.24484267e+00 1.02712072e+00 1.83167386e+00 -5.55696049e-01 1.19809118e+00 6.06051542e-01 -1.16148981e+00
3.75817717e+00 3.98004951e-01 1.07391047e+00 9.87707895e-01 1.52107562e+00 7.72381277e-02 7.65196287e-01 4.70264770e-01 -9.34121503e-01
3.96859954e+00 7.17705757e-01 2.27768341e-01 8.24611840e-01 1.06483895e+00 -9.60120414e-02 7.27317094e-01 3.91295340e-01 -6.86243590e-01
4.15969698e+00 1.42151917e+00 -1.37699599e+00 5.66761024e-01 3.75964901e-01 1.78126608e-01 1.45379272e-01 2.37415088e-01 -2.61080897e-01
4.51179632e+00 1.77456243e+00 -1.99210438e+00 5.74477973e-01 3.50085003e-01 2.37161070e-01 1.27713727e-01 3.26170675e-01 1.16348081e-02
4.17675370e+00 1.86491543e+00 -2.69350791e+00 8.79104687e-01 1.58882704e-01 1.08333552e-01 5.04307071e-02 3.40303301e-01 8.94482277e-02

3.77384891e+00 1.07221158e+00 6.21649702e-01 -2.12836658e+00 -2.98607681e-01 2.25732157e-02 1.23491180e-01 2.07149329e-01 -2.49006365e-01
4.21764127e+00 9.30645161e-01 7.57731235e-01 -1.69332206e+00 -4.42473168e-01 -7.83732766e-02 -9.74215369e-02 2.45903062e-01 -1.01970355e-01
4.19420818e+00 6.47025074e-01 8.42606366e-01 -8.52314116e-01 1.49172811e-01 -1.21241419e-01 4.66236166e-01 1.95311262e-01 -5.58068504e-01
4.02943818e+00 4.32439068e-01 9.68355600e-01 4.65317631e-01 1.11487286e+00 -2.96607213e-01 8.17956826e-01 2.18965289e-01 -7.54193895e-01
4.22321837e+00 1.45189549e-01 1.06951561e+00 9.59527151e-01 1.39825249e+00 -4.97363369e-01 7.94924404e-01 3.39975137e-01 -9.49352240e-01
3.93339123e+00 2.53098280e-01 7.34996918e-01 1.00894690e+00 1.30460996e+00 -3.43466769e-01 6.85211319e-01 3.15572589e-01 -8.40651382e-01
3.96721701e+00 6.75991326e-01 -3.16259384e-02 7.66236776e-01 8.45669045e-01 -1.18007235e-01 4.56586459e-01 2.88489966e-01 -4.37044581e-01
4.00516703e+00 1.25203538e+00 -1.30694349e+00 4.80560364e-01 2.46456892e-01 6.46304716e-02 1.71050673e-01 1.58276836e-01 2.37275165e-01
4.39922742e+00 1.51634431e+00 -1.66578461e+00 5.93822396e-01 1.36212613e-01 -7.04844149e-03 -5.79002240e-02 1.67251745e-01 3.11655772e-01
3.84210685e+00 1.73639448e+00 -2.02029018e+00 6.53921944e-01 7.58033393e-02 4.79057083e-02 -3.37780978e-02 2.40662255e-01 2.23055934e-01

4.08467984e+00 7.21857168e-01 4.91341852e-01 -1.70672237e+00 -2.14240254e-01 -8.69155611e-02 2.90102183e-01 1.24307717e-01 3.14707210e-01
4.08313584e+00 5.36119558e-01 5.84938499e-01 -1.31646991e+00 -2.56735081e-01 5.13105228e-03 1.60926300e-01 -6.81966808e-02 5.03240274e-02
4.12702176e+00 4.46535059e-01 7.30537137e-01 -7.23015338e-01 1.15500950e-01 -1.47810678e-01 3.09865019e-01 1.34075961e-01 -1.11065077e-01
4.21070749e+00 2.16734326e-01 9.53399255e-01 3.32280974e-01 7.90165135e-01 -3.67860470e-01 4.06477945e-01 4.46893408e-01 -5.26918361e-01
4.06188357e+00 2.76888123e-02 9.08679211e-01 6.77554295e-01 1.05142295e+00 -3.67412147e-01 3.85353052e-01 5.20764246e-01 -3.98189436e-01
3.93394135e+00 1.50161555e-01 6.55551202e-01 7.75744880e-01 8.24489487e-01 -4.14763054e-01 1.04731594e-01 4.71767938e-01 -3.73880666e-01
3.94351303e+00 4.36234975e-01 -1.09137888e-01 6.11775559e-01 5.03260662e-01 -3.02235195e-01 -5.21780941e-02 3.15881226e-01 -1.14173679e-01
4.12884582e+00 8.12264254e-01 -1.07015806e+00 4.88216026e-01 9.94974119e-02 6.01440045e-02 -9.92876728e-02 5.19681326e-02 3.04333994e-02
4.45716730e+00 1.22922539e+00 -1.42642708e+00 4.73200763e-01 -3.09950449e-02 -7.58041930e-02 -1.75243872e-01 -5.48337179e-02 -4.97525173e-02
3.92526199e+00 1.19511391e+00 -1.82149110e+00 4.86849359e-01 -3.71283008e-02 -2.03596078e-01 -1.02304969e-01 -8.82548206e-02 1.83988778e-03

4.03979366e+00 2.44377638e-01 6.29192862e-01 -4.86246743e-01 -1.23190762e-01 7.72942699e-02 9.83227530e-01 -2.72788942e-01 1.23358853e+00
4.00295454e+00 5.21001544e-03 5.00817125e-01 -4.61458377e-01 -2.17836924e-01 -5.63005437e-02 6.86955515e-01 -3.23612236e-01 1.00920805e+00
4.02014040e+00 -5.12667161e-02 5.50369802e-01 -2.07366061e-01 1.24578197e-03 -2.92118292e-01 3.11259088e-01 1.17009669e-01 8.57984176e-01
4.09351728e+00 -2.35640207e-01 6.41952584e-01 2.60669801e-01 3.40567535e-01 -7.20611866e-01 -4.11151896e-01 8.06933225e-01 5.18656698e-01
4.04871394e+00 -2.27248591e-01 6.09383026e-01 3.92003289e-01 3.43432807e-01 -8.42479545e-01 -6.97133130e-01 1.08033221e+00 4.35564638e-01
3.67868907e+00 -1.65707847e-01 4.65625376e-01 4.39831394e-01 3.31295844e-01 -8.93655786e-01 -9.41881559e-01 9.98146266e-01 2.95222965e-01
3.75279316e+00 -6.74418222e-02 1.80141788e-01 4.04344806e-01 2.89750729e-01 -7.91251262e-01 -7.38302063e-01 4.72072299e-01 3.09164810e-01
4.00811737e+00 3.14557386e-01 -4.85902602e-01 3.59538701e-01 4.04221112e-03 -6.28487101e-01 -3.53150635e-01 -2.19218039e-01 4.09336371e-02
4.17657742e+00 4.85962033e-01 -7.98165938e-01 2.94072801e-01 -1.77128001e-01 -7.83735455e-01 -1.69318003e-01 -7.55650501e-01 -1.25213516e-01
4.07521407e+00 4.94443773e-01 -9.01441107e-01 2.65294259e-01 -2.40902826e-01 -8.92461028e-01 -9.19777192e-02 -9.54176465e-01 -9.38313123e-02

4.28449790e+00 -1.65122892e-01 5.91382828e-01 2.04755210e-02 -6.98404532e-02 1.39579241e-01 1.47243199e+00 -4.66900046e-01 1.81348599e+00
3.81631431e+00 -1.52519108e-01 4.35855415e-01 -2.91320171e-02 -1.26276121e-01 -7.31014985e-02 1.10729728e+00 -2.03688743e-01 1.86452345e+00
3.91694352e+00 -3.26999540e-01 4.57640923e-01 1.63106999e-01 -3.34025158e-02 -3.34455275e-01 4.20943397e-01 1.28325226e-01 1.40349274e+00
4.14232809e+00 -5.18887749e-01 5.29113899e-01 2.34418915e-01 2.07734821e-01 -9.95370060e-01 -8.34275152e-01 1.00100971e+00 1.00624382e+00
3.99644041e+00 -5.48699650e-01 5.27934219e-01 3.02626989e-01 1.19604006e-01 -9.95586220e-01 -1.29459253e+00 1.43885364e+00 8.10959406e-01
3.90976497e+00 -4.49576629e-01 4.97417513e-01 3.10388491e-01 2.17069036e-01 -9.91797474e-01 -1.43233455e+00 1.31278859e+00 3.95496245e-01
3.76858468e+00 -5.17666641e-01 2.07044072e-01 3.23409571e-01 1.84722779e-01 -8.50299047e-01 -1.20548926e+00 7.12984936e-01 4.17176863e-01
3.85510694e+00 -1.80691283e-01 -2.21710194e-02 2.12395961e-01 -2.01324074e-01 -1.19674152e+00 -4.39247305e-01 -6.78508686e-01 -1.55495934e-02
4.11053722e+00 -1.65640775e-01 -2.13271374e-01 1.43360050e-01 -3.34560344e-01 -1.45380751e+00 -1.66057628e-01 -1.40212066e+00 -2.49555391e-01
4.40449434e+00 4.02967095e-02 -1.74480908e-01 8.78216124e-02 -2.67735208e-01 -1.61875504e+00 -1.73890273e-01 -1.79494207e+00 -5.22252583e-01

4.39642799e+00 -4.12397010e-01 1.44486231e-01 7.81126880e-02 -8.58524141e-02 1.71055243e-01 1.48522354e+00 -5.30888003e-01 2.36687971e+00
4.06702487e+00 -3.02632424e-01 3.70686046e-02 2.88007613e-01 8.37651828e-02 5.63054925e-03 1.19960561e+00 -2.32395869e-01 1.81172027e+00
4.02688471e+00 -4.11055243e-01 1.55250308e-01 1.23787632e-01 3.22264916e-02 -2.53978990e-01 4.02519028e-01 5.07306035e-02 1.54909368e+00
4.40246659e+00 -6.77697825e-01 4.14049233e-01 1.56864217e-01 -5.68795919e-02 -8.50698925e-01 -1.08857917e+00 1.14202141e+00 1.17373280e+00
4.26345033e+00 -6.65599229e-01 3.21447814e-01 2.25542514e-01 1.94833446e-02 -1.24931627e+00 -1.61449261e+00 1.58860408e+00 1.09745212e+00
4.28748278e+00 -5.64561432e-01 3.40594046e-01 3.80875079e-01 -1.56115890e-01 -1.07655740e+00 -1.69735377e+00 1.49390792e+00 4.85404989e-01
3.96580980e+00 -4.33794527e-01 2.34388537e-01 1.33311575e-01 -2.08081855e-01 -1.00202416e+00 -1.06785077e+00 6.69822148e-01 3.90674976e-01
3.96374706e+00 -3.37867190e-01 -8.94359135e-03 1.83886523e-02 -3.69028556e-01 -1.14120354e+00 -4.20949018e-01 -9.19079570e-01 -2.17275810e-01
3.85992616e+00 -4.56042177e-01 -9.18330581e-02 1.72317833e-01 -4.60297972e-01 -1.51334356e+00 -4.88242269e-01 -1.76029566e+00 -3.86193306e-01
4.15791178e+00 -2.79466558e-01 -4.62873083e-02 2.41060436e-01 -7.39710158e-01 -2.00197596e+00 -3.69471654e-01 -2.17342944e+00 -5.14921608e-01

3.93752985e+00 -6.50513188e-01 4.46775162e-02 -1.06923526e-01 3.58598136e-01 2.35322715e-01 1.24983321e+00 -5.11088576e-01 1.72335707e+00
3.83462059e+00 -5.43865252e-01 -2.22285776e-02 1.77507539e-01 2.03865715e-01 2.47061109e-01 9.45324705e-01 -2.04363533e-01 1.27321329e+00
4.03130586e+00 -6.38353392e-01 9.72239357e-02 1.45724305e-01 1.18987529e-01 -1.20283232e-01 3.26339603e-01 1.65206644e-02 1.11232719e+00
4.33944730e+00 -7.02568418e-01 2.23225727e-01 2.16137183e-01 -1.91975882e-01 -6.53715216e-01 -7.23197263e-01 9.39037696e-01 9.20114636e-01
4.48504083e+00 -5.67465038e-01 1.95401062e-01 2.58091946e-01 -2.59267233e-01 -8.95360604e-01 -1.22660855e+00 1.32449746e+00 7.33153690e-01
4.24254012e+00 -5.48890767e-01 1.81738663e-01 3.04505520e-01 -5.14822634e-01 -7.70952195e-01 -9.95138658e-01 1.21965363e+00 4.36489596e-01
3.92166985e+00 -4.30353252e-01 2.55116446e-01 2.33245615e-01 -5.49222182e-01 -6.87452219e-01 -5.86815767e-01 4.34745575e-01 -1.56316732e-03
4.08761625e+00 -3.04543615e-01 1.93730418e-01 2.14406721e-01 -5.84307945e-01 -8.37989716e-01 -4.02956650e-01 -9.11995140e-01 -4.20130627e-01
4.13300705e+00 -2.32107162e-01 2.87074303e-01 2.04014385e-01 -5.67114894e-01 -1.16092531e+00 -4.09484753e-01 -1.60822242e+00 -3.40223670e-01
4.36683900e+00 -1.42456174e-01 8.80080107e-02 3.40049441e-01 -6.98505761e-01 -1.26060783e+00 -4.42086244e-01 -1.88439469e+00 -3.77314710e-01

3.91717327e+00 -1.23065292e+00 -5.40703090e-01 -6.25174188e-01 7.45766334e-01 4.15659819e-01 4.43738065e-01 -2.83355054e-01 2.60546117e-01
3.96101407e+00 -1.10144236e+00 -5.33968860e-01 -5.48397259e-01 6.22527094e-01 3.15004447e-01 2.55526078e-01 -1.06845332e-01 1.87400412e-01
4.08470061e+00 -1.03566743e+00 -4.19975000e-01 -2.89868239e-01 2.90567635e-01 2.05327939e-01 1.71656954e-01 1.17377540e-01 1.20180949e-01
4.23681417e+00 -7.78188744e-01 -5.81691473e-02 1.36987245e-01 -6.47704662e-01 -3.92802275e-02 3.49745677e-02 7.11341094e-01 1.86446430e-02
4.20852091e+00 -6.35041396e-01 1.14013722e-01 3.15557867e-01 -1.19236013e+00 -3.76079258e-02 1.45914480e-01 9.17828238e-01 -2.40747618e-01
4.23170851e+00 -5.20121931e-01 9.58693460e-02 5.21116143e-01 -1.39155729e+00 8.74640543e-02 1.15078189e-01 8.03454894e-01 -4.69217838e-01
3.96174540e+00 -4.24116714e-01 1.72514676e-01 5.41033273e-01 -1.10580739e+00 1.39589690e-01 7.16572836e-02 3.46527532e-01 -3.89996070e-01
4.03672475e+00 -1.40863475e-01 3.23684857e-01 4.27487163e-01 -5.01753402e-01 2.23845483e-01 -3.51474701e-01 -4.62449361e-01 -2.80304237e-01
4.18211981e+00 1.83700058e-02 4.52015681e-01 4.55720704e-01 -1.88845436e-01 4.94058600e-01 -7.89284405e-01 -9.78547332e-01 -2.61214652e-02
4.19336097e+00 1.12603660e-01 3.86324263e-01 3.77900925e-01 -2.35151948e-01 4.51910810e-01 -8.62265400e-01 -1.31979967e+00 -2.69714670e-02

4.28335769e+00 -1.68786874e+00 -9.43137532e-01 -1.00873858e+00 9.88408286e-01 5.24580933e-01 2.12223245e-01 -2.57278320e-01 -1.84142683e-01
4.25859083e+00 -1.30791356e+00 -8.63129718e-01 -6.90152620e-01 9.92951854e-01 2.76698229e-01 -1.38462707e-01 -6.77736047e-02 -2.27544939e-01
4.00329610e+00 -1.23338831e+00 -7.30466261e-01 -4.72188318e-01 3.40795617e-01 3.46342680e-01 -3.16784170e-02 4.68805140e-02 -4.35676265e-01
4.28998217e+00 -8.19503149e-01 -2.29492933e-01 1.35702268e-01 -1.02169787e+00 3.11893039e-01 4.64090978e-01 6.37671134e-01 -5.02580062e-01
4.18024733e+00 -6.50428172e-01 1.12480014e-01 3.74605471e-01 -1.57496563e+00 2.96102314e-01 7.51631245e-01 8.93197545e-01 -6.69500982e-01
3.97772210e+00 -4.15348967e-01 1.64932790e-02 7.28218703e-01 -1.70865493e+00 3.11941889e-01 5.74322254e-01 7.43992615e-01 -8.65235084e-01
3.97158725e+00 -4.21620344e-01 3.16274384e-01 5.80356249e-01 -1.41843863e+00 3.92547809e-01 2.86444547e-01 4.06694084e-01 -6.27588741e-01
4.14000847e+00 -3.77359012e-02 5.65636046e-01 6.07725716e-01 -3.31606629e-01 1.04008094e+00 -6.21310399e-01 -3.47892762e-01 -8.53166901e-02
4.29961092e+00 1.16954700e-01 5.54634466e-01 6.47934526e-01 1.15123608e-01 1.32076505e+00 -1.01149603e+00 -6.04581385e-01 2.59686917e-01
3.82420322e+00 2.45465255e-01 6.09371529e-01 5.27569376e-01 -1.09072168e-01 1.63823302e+00 -1.29688056e+00 -1.17858566e+00 2.71385552e-01

4.05036699e+00 -1.96627564e+00 -1.14428897e+00 -8.87583327e-01 1.29926546e+00 6.34741144e-01 7.77556271e-02 8.32994429e-02 -6.37280017e-01
4.46350628e+00 -1.70432974e+00 -1.00053524e+00 -6.26644531e-01 9.09448703e-01 4.61626741e-01 1.08601404e-01 -1.37095378e-01 -7.35149348e-01
4.35194093e+00 -1.34870256e+00 -7.41546453e-01 -6.45627993e-01 4.50275749e-01 4.46498244e-01 7.10966601e-02 3.82018807e-01 -7.32503052e-01
4.35599095e+00 -8.95356726e-01 -2.14363159e-01 1.20861001e-01 -1.23865399e+00 2.58042227e-01 4.59574624e-01 6.54508417e-01 -8.11712550e-01
4.43436774e+00 -9.29332637e-01 -8.93133180e-02 5.03170061e-01 -1.98313880e+00 4.53136939e-01 7.99861748e-01 9.85145391e-01 -9.18081086e-01
4.34124901e+00 -6.39784603e-01 -8.02957288e-03 6.55110901e-01 -2.16563910e+00 7.06254990e-01 5.31669820e-01 6.34065125e-01 -7.40807293e-01
4.23617524e+00 -3.84357767e-01 2.53873186e-01 6.03731323e-01 -1.53012024e+00 6.54812816e-01 1.99019896e-01 3.98590501e-01 -5.78880977e-01
4.06746767e+00 6.68126405e-02 7.45319014e-01 5.33455194e-01 -2.34755569e-01 1.30718799e+00 -8.16971525e-01 -2.50623027e-01 6.35079739e-03
4.16414384e+00 7.59722461e-02 8.41794510e-01 5.74419722e-01 1.46055487e-01 1.80366299e+00 -1.08945124e+00 -6.32138716e-01 -3.41134350e-02
4.42502739e+00 2.74681899e-01 8.57156119e-01 5.99461929e-01 9.67459328e-02 2.05337699e+00 -1.62350969e+00 -9.96061568e-01 2.40107595e-01
