0	468.0	336.0	52.4390243902439	48.78048780487805	16.666666666666664	83.33333333333334
1	464.0	332.0	52.84552845528455	49.390243902439025	25.301204819277107	74.69879518072288
2	412.0	304.0	58.13008130081301	53.65853658536586	31.57894736842105	68.42105263157895
3	448.0	324.0	54.47154471544715	50.609756097560975	49.382716049382715	50.617283950617285
4	448.0	336.0	54.47154471544715	48.78048780487805	90.47619047619048	9.523809523809524
5	320.0	280.0	67.47967479674797	57.3170731707317	42.857142857142854	57.14285714285714
6	368.0	292.0	62.601626016260155	55.487804878048784	79.45205479452055	20.54794520547945
7	396.0	244.0	59.756097560975604	62.80487804878049	22.950819672131146	77.04918032786885
8	412.0	312.0	58.13008130081301	52.4390243902439	96.15384615384616	3.8461538461538463
9	472.0	364.0	52.03252032520326	44.51219512195122	100.0	0.0
10	308.0	280.0	68.69918699186992	57.3170731707317	27.142857142857142	72.85714285714285
11	300.0	292.0	69.51219512195121	55.487804878048784	79.45205479452055	20.54794520547945
12	228.0	256.0	76.82926829268293	60.97560975609756	53.125	46.875
13	340.0	316.0	65.4471544715447	51.829268292682926	86.07594936708861	13.924050632911392
14	280.0	240.0	71.54471544715447	63.41463414634146	78.33333333333333	21.666666666666668
15	248.0	244.0	74.79674796747967	62.80487804878049	52.459016393442624	47.540983606557376
16	208.0	224.0	78.86178861788618	65.85365853658537	46.42857142857143	53.57142857142857
17	288.0	304.0	70.73170731707317	53.65853658536586	75.0	25.0
18	256.0	240.0	73.98373983739837	63.41463414634146	20.0	80.0
19	240.0	236.0	75.60975609756098	64.02439024390245	35.59322033898305	64.40677966101694
20	292.0	244.0	70.32520325203252	62.80487804878049	9.836065573770492	90.1639344262295
21	384.0	324.0	60.97560975609756	50.609756097560975	97.53086419753086	2.4691358024691357
22	164.0	196.0	83.33333333333334	70.1219512195122	46.93877551020408	53.06122448979592
23	316.0	256.0	67.88617886178862	60.97560975609756	92.1875	7.8125
24	236.0	228.0	76.01626016260163	65.2439024390244	42.10526315789473	57.89473684210527
25	192.0	208.0	80.48780487804879	68.29268292682927	42.30769230769231	57.692307692307686
26	168.0	204.0	82.92682926829268	68.90243902439023	35.294117647058826	64.70588235294117
27	156.0	180.0	84.14634146341463	72.5609756097561	31.11111111111111	68.88888888888889
28	300.0	248.0	69.51219512195121	62.19512195121951	98.38709677419355	1.6129032258064515
29	184.0	160.0	81.30081300813008	75.60975609756098	35.0	65.0
30	200.0	208.0	79.67479674796748	68.29268292682927	44.230769230769226	55.769230769230774
31	192.0	188.0	80.48780487804879	71.34146341463415	25.53191489361702	74.46808510638297
32	216.0	220.0	78.04878048780488	66.46341463414635	92.72727272727272	7.2727272727272725
33	208.0	200.0	78.86178861788618	69.51219512195121	72.0	28.000000000000004
34	232.0	248.0	76.42276422764228	62.19512195121951	91.93548387096774	8.064516129032258
35	100.0	164.0	89.83739837398373	75.0	58.536585365853654	41.46341463414634
36	88.0	172.0	91.05691056910568	73.78048780487805	74.4186046511628	25.581395348837212
37	116.0	192.0	88.21138211382113	70.73170731707317	37.5	62.5
38	316.0	268.0	67.88617886178862	59.14634146341463	98.50746268656717	1.4925373134328357
39	220.0	188.0	77.64227642276423	71.34146341463415	6.382978723404255	93.61702127659575
40	84.0	152.0	91.46341463414635	76.82926829268293	68.42105263157895	31.57894736842105
41	172.0	200.0	82.52032520325203	69.51219512195121	64.0	36.0
42	104.0	196.0	89.43089430894308	70.1219512195122	36.734693877551024	63.26530612244898
43	104.0	160.0	89.43089430894308	75.60975609756098	50.0	50.0
44	124.0	180.0	87.39837398373984	72.5609756097561	86.66666666666667	13.333333333333334
45	48.0	124.0	95.1219512195122	81.09756097560977	54.83870967741935	45.16129032258064
46	60.0	180.0	93.90243902439023	72.5609756097561	60.0	40.0
47	76.0	188.0	92.27642276422763	71.34146341463415	29.78723404255319	70.2127659574468
48	228.0	212.0	76.82926829268293	67.6829268292683	5.660377358490567	94.33962264150944
49	52.0	140.0	94.71544715447155	78.65853658536585	28.57142857142857	71.42857142857143
50	196.0	212.0	80.08130081300813	67.6829268292683	88.67924528301887	11.320754716981133
51	40.0	148.0	95.9349593495935	77.4390243902439	48.64864864864865	51.35135135135135
52	28.0	132.0	97.15447154471545	79.8780487804878	45.45454545454545	54.54545454545454
53	44.0	120.0	95.52845528455285	81.70731707317073	43.333333333333336	56.666666666666664
54	44.0	124.0	95.52845528455285	81.09756097560977	38.70967741935484	61.29032258064516
55	28.0	120.0	97.15447154471545	81.70731707317073	33.33333333333333	66.66666666666666
56	60.0	156.0	93.90243902439023	76.21951219512195	46.15384615384615	53.84615384615385
57	64.0	144.0	93.4959349593496	78.04878048780488	47.22222222222222	52.77777777777778
58	200.0	220.0	79.67479674796748	66.46341463414635	89.0909090909091	10.909090909090908
59	80.0	144.0	91.869918699187	78.04878048780488	86.11111111111111	13.88888888888889
60	116.0	168.0	88.21138211382113	74.39024390243902	88.09523809523809	11.904761904761903
61	44.0	140.0	95.52845528455285	78.65853658536585	48.57142857142857	51.42857142857142
62	8.0	128.0	99.1869918699187	80.48780487804879	46.875	53.125
63	136.0	168.0	86.1788617886179	74.39024390243902	92.85714285714286	7.142857142857142
64	84.0	196.0	91.46341463414635	70.1219512195122	69.38775510204081	30.612244897959183
65	60.0	108.0	93.90243902439023	83.53658536585365	62.96296296296296	37.03703703703704
66	32.0	96.0	96.7479674796748	85.36585365853658	62.5	37.5
67	44.0	132.0	95.52845528455285	79.8780487804878	45.45454545454545	54.54545454545454
68	64.0	124.0	93.4959349593496	81.09756097560977	51.61290322580645	48.38709677419355
69	108.0	152.0	89.02439024390245	76.82926829268293	21.052631578947366	78.94736842105263
70	52.0	116.0	94.71544715447155	82.3170731707317	24.137931034482758	75.86206896551724
71	40.0	116.0	95.9349593495935	82.3170731707317	31.03448275862069	68.96551724137932
72	56.0	132.0	94.3089430894309	79.8780487804878	69.6969696969697	30.303030303030305
73	48.0	120.0	95.1219512195122	81.70731707317073	20.0	80.0
74	32.0	112.0	96.7479674796748	82.92682926829268	75.0	25.0
75	12.0	116.0	98.78048780487805	82.3170731707317	55.172413793103445	44.827586206896555
76	20.0	112.0	97.96747967479675	82.92682926829268	42.857142857142854	57.14285714285714
77	4.0	116.0	99.59349593495935	82.3170731707317	48.275862068965516	51.724137931034484
78	0.0	120.0	100.0	81.70731707317073	56.666666666666664	43.333333333333336
79	0.0	120.0	100.0	81.70731707317073	56.666666666666664	43.333333333333336
80	0.0	120.0	100.0	81.70731707317073	56.666666666666664	43.333333333333336
81	0.0	120.0	100.0	81.70731707317073	56.666666666666664	43.333333333333336
82	0.0	120.0	100.0	81.70731707317073	56.666666666666664	43.333333333333336
83	0.0	120.0	100.0	81.70731707317073	56.666666666666664	43.333333333333336
84	0.0	120.0	100.0	81.70731707317073	56.666666666666664	43.333333333333336
85	0.0	120.0	100.0	81.70731707317073	56.666666666666664	43.333333333333336
86	0.0	120.0	100.0	81.70731707317073	56.666666666666664	43.333333333333336
87	0.0	120.0	100.0	81.70731707317073	56.666666666666664	43.333333333333336
88	0.0	120.0	100.0	81.70731707317073	56.666666666666664	43.333333333333336
89	0.0	120.0	100.0	81.70731707317073	56.666666666666664	43.333333333333336
90	0.0	120.0	100.0	81.70731707317073	56.666666666666664	43.333333333333336
91	0.0	120.0	100.0	81.70731707317073	56.666666666666664	43.333333333333336
92	0.0	120.0	100.0	81.70731707317073	56.666666666666664	43.333333333333336
93	0.0	120.0	100.0	81.70731707317073	56.666666666666664	43.333333333333336
94	0.0	120.0	100.0	81.70731707317073	56.666666666666664	43.333333333333336
95	0.0	120.0	100.0	81.70731707317073	56.666666666666664	43.333333333333336
96	0.0	120.0	100.0	81.70731707317073	56.666666666666664	43.333333333333336
97	0.0	120.0	100.0	81.70731707317073	56.666666666666664	43.333333333333336
98	0.0	120.0	100.0	81.70731707317073	56.666666666666664	43.333333333333336
99	0.0	120.0	100.0	81.70731707317073	56.666666666666664	43.333333333333336
100	0.0	120.0	100.0	81.70731707317073	56.666666666666664	43.333333333333336
101	0.0	120.0	100.0	81.70731707317073	56.666666666666664	43.333333333333336
102	0.0	120.0	100.0	81.70731707317073	56.666666666666664	43.333333333333336
103	0.0	120.0	100.0	81.70731707317073	56.666666666666664	43.333333333333336
104	0.0	120.0	100.0	81.70731707317073	56.666666666666664	43.333333333333336
105	0.0	120.0	100.0	81.70731707317073	56.666666666666664	43.333333333333336
106	0.0	120.0	100.0	81.70731707317073	56.666666666666664	43.333333333333336
107	0.0	120.0	100.0	81.70731707317073	56.666666666666664	43.333333333333336
108	0.0	120.0	100.0	81.70731707317073	56.666666666666664	43.333333333333336
109	0.0	120.0	100.0	81.70731707317073	56.666666666666664	43.333333333333336
110	0.0	120.0	100.0	81.70731707317073	56.666666666666664	43.333333333333336
111	0.0	120.0	100.0	81.70731707317073	56.666666666666664	43.333333333333336
112	0.0	120.0	100.0	81.70731707317073	56.666666666666664	43.333333333333336
113	0.0	120.0	100.0	81.70731707317073	56.666666666666664	43.333333333333336
114	0.0	120.0	100.0	81.70731707317073	56.666666666666664	43.333333333333336
115	0.0	120.0	100.0	81.70731707317073	56.666666666666664	43.333333333333336
116	0.0	120.0	100.0	81.70731707317073	56.666666666666664	43.333333333333336
117	0.0	120.0	100.0	81.70731707317073	56.666666666666664	43.333333333333336
118	0.0	120.0	100.0	81.70731707317073	56.666666666666664	43.333333333333336
119	0.0	120.0	100.0	81.70731707317073	56.666666666666664	43.333333333333336
120	0.0	120.0	100.0	81.70731707317073	56.666666666666664	43.333333333333336
121	0.0	120.0	100.0	81.70731707317073	56.666666666666664	43.333333333333336
122	0.0	120.0	100.0	81.70731707317073	56.666666666666664	43.333333333333336
123	0.0	120.0	100.0	81.70731707317073	56.666666666666664	43.333333333333336
124	0.0	120.0	100.0	81.70731707317073	56.666666666666664	43.333333333333336
125	0.0	120.0	100.0	81.70731707317073	56.666666666666664	43.333333333333336
126	0.0	120.0	100.0	81.70731707317073	56.666666666666664	43.333333333333336
127	0.0	120.0	100.0	81.70731707317073	56.666666666666664	43.333333333333336
128	0.0	120.0	100.0	81.70731707317073	56.666666666666664	43.333333333333336
129	0.0	120.0	100.0	81.70731707317073	56.666666666666664	43.333333333333336
130	0.0	120.0	100.0	81.70731707317073	56.666666666666664	43.333333333333336
131	0.0	120.0	100.0	81.70731707317073	56.666666666666664	43.333333333333336
132	0.0	120.0	100.0	81.70731707317073	56.666666666666664	43.333333333333336
133	0.0	120.0	100.0	81.70731707317073	56.666666666666664	43.333333333333336
134	0.0	120.0	100.0	81.70731707317073	56.666666666666664	43.333333333333336
135	0.0	120.0	100.0	81.70731707317073	56.666666666666664	43.333333333333336
136	0.0	120.0	100.0	81.70731707317073	56.666666666666664	43.333333333333336
137	0.0	120.0	100.0	81.70731707317073	56.666666666666664	43.333333333333336
138	0.0	120.0	100.0	81.70731707317073	56.666666666666664	43.333333333333336
139	0.0	120.0	100.0	81.70731707317073	56.666666666666664	43.333333333333336
140	0.0	120.0	100.0	81.70731707317073	56.666666666666664	43.333333333333336
141	0.0	120.0	100.0	81.70731707317073	56.666666666666664	43.333333333333336
142	0.0	120.0	100.0	81.70731707317073	56.666666666666664	43.333333333333336
143	0.0	120.0	100.0	81.70731707317073	56.666666666666664	43.333333333333336
144	0.0	120.0	100.0	81.70731707317073	56.666666666666664	43.333333333333336
145	0.0	120.0	100.0	81.70731707317073	56.666666666666664	43.333333333333336
146	0.0	120.0	100.0	81.70731707317073	56.666666666666664	43.333333333333336
147	0.0	120.0	100.0	81.70731707317073	56.666666666666664	43.333333333333336
148	0.0	120.0	100.0	81.70731707317073	56.666666666666664	43.333333333333336
149	0.0	120.0	100.0	81.70731707317073	56.666666666666664	43.333333333333336
150	0.0	120.0	100.0	81.70731707317073	56.666666666666664	43.333333333333336
151	0.0	120.0	100.0	81.70731707317073	56.666666666666664	43.333333333333336
152	0.0	120.0	100.0	81.70731707317073	56.666666666666664	43.333333333333336
153	0.0	120.0	100.0	81.70731707317073	56.666666666666664	43.333333333333336
154	0.0	120.0	100.0	81.70731707317073	56.666666666666664	43.333333333333336
155	0.0	120.0	100.0	81.70731707317073	56.666666666666664	43.333333333333336
156	0.0	120.0	100.0	81.70731707317073	56.666666666666664	43.333333333333336
157	0.0	120.0	100.0	81.70731707317073	56.666666666666664	43.333333333333336
158	0.0	120.0	100.0	81.70731707317073	56.666666666666664	43.333333333333336
159	0.0	120.0	100.0	81.70731707317073	56.666666666666664	43.333333333333336
160	0.0	120.0	100.0	81.70731707317073	56.666666666666664	43.333333333333336
161	0.0	120.0	100.0	81.70731707317073	56.666666666666664	43.333333333333336
162	0.0	120.0	100.0	81.70731707317073	56.666666666666664	43.333333333333336
163	0.0	120.0	100.0	81.70731707317073	56.666666666666664	43.333333333333336
164	0.0	120.0	100.0	81.70731707317073	56.666666666666664	43.333333333333336
165	0.0	120.0	100.0	81.70731707317073	56.666666666666664	43.333333333333336
166	0.0	120.0	100.0	81.70731707317073	56.666666666666664	43.333333333333336
167	0.0	120.0	100.0	81.70731707317073	56.666666666666664	43.333333333333336
168	0.0	120.0	100.0	81.70731707317073	56.666666666666664	43.333333333333336
169	0.0	120.0	100.0	81.70731707317073	56.666666666666664	43.333333333333336
170	0.0	120.0	100.0	81.70731707317073	56.666666666666664	43.333333333333336
171	0.0	120.0	100.0	81.70731707317073	56.666666666666664	43.333333333333336
172	0.0	120.0	100.0	81.70731707317073	56.666666666666664	43.333333333333336
173	0.0	120.0	100.0	81.70731707317073	56.666666666666664	43.333333333333336
174	0.0	120.0	100.0	81.70731707317073	56.666666666666664	43.333333333333336
175	0.0	120.0	100.0	81.70731707317073	56.666666666666664	43.333333333333336
176	0.0	120.0	100.0	81.70731707317073	56.666666666666664	43.333333333333336
177	0.0	120.0	100.0	81.70731707317073	56.666666666666664	43.333333333333336
178	0.0	120.0	100.0	81.70731707317073	56.666666666666664	43.333333333333336
179	0.0	120.0	100.0	81.70731707317073	56.666666666666664	43.333333333333336
180	0.0	120.0	100.0	81.70731707317073	56.666666666666664	43.333333333333336
181	0.0	120.0	100.0	81.70731707317073	56.666666666666664	43.333333333333336
182	0.0	120.0	100.0	81.70731707317073	56.666666666666664	43.333333333333336
183	0.0	120.0	100.0	81.70731707317073	56.666666666666664	43.333333333333336
184	0.0	120.0	100.0	81.70731707317073	56.666666666666664	43.333333333333336
185	0.0	120.0	100.0	81.70731707317073	56.666666666666664	43.333333333333336
186	0.0	120.0	100.0	81.70731707317073	56.666666666666664	43.333333333333336
187	0.0	120.0	100.0	81.70731707317073	56.666666666666664	43.333333333333336
188	0.0	120.0	100.0	81.70731707317073	56.666666666666664	43.333333333333336
189	0.0	120.0	100.0	81.70731707317073	56.666666666666664	43.333333333333336
190	0.0	120.0	100.0	81.70731707317073	56.666666666666664	43.333333333333336
191	0.0	120.0	100.0	81.70731707317073	56.666666666666664	43.333333333333336
192	0.0	120.0	100.0	81.70731707317073	56.666666666666664	43.333333333333336
193	0.0	120.0	100.0	81.70731707317073	56.666666666666664	43.333333333333336
194	0.0	120.0	100.0	81.70731707317073	56.666666666666664	43.333333333333336
195	0.0	120.0	100.0	81.70731707317073	56.666666666666664	43.333333333333336
196	0.0	120.0	100.0	81.70731707317073	56.666666666666664	43.333333333333336
197	0.0	120.0	100.0	81.70731707317073	56.666666666666664	43.333333333333336
198	0.0	120.0	100.0	81.70731707317073	56.666666666666664	43.333333333333336
199	0.0	120.0	100.0	81.70731707317073	56.666666666666664	43.333333333333336
200	0.0	120.0	100.0	81.70731707317073	56.666666666666664	43.333333333333336
201	0.0	120.0	100.0	81.70731707317073	56.666666666666664	43.333333333333336
202	0.0	120.0	100.0	81.70731707317073	56.666666666666664	43.333333333333336
203	0.0	120.0	100.0	81.70731707317073	56.666666666666664	43.333333333333336
204	0.0	120.0	100.0	81.70731707317073	56.666666666666664	43.333333333333336
205	0.0	120.0	100.0	81.70731707317073	56.666666666666664	43.333333333333336
206	0.0	120.0	100.0	81.70731707317073	56.666666666666664	43.333333333333336
207	0.0	120.0	100.0	81.70731707317073	56.666666666666664	43.333333333333336
208	0.0	120.0	100.0	81.70731707317073	56.666666666666664	43.333333333333336
209	0.0	120.0	100.0	81.70731707317073	56.666666666666664	43.333333333333336
210	0.0	120.0	100.0	81.70731707317073	56.666666666666664	43.333333333333336
211	0.0	120.0	100.0	81.70731707317073	56.666666666666664	43.333333333333336
212	0.0	120.0	100.0	81.70731707317073	56.666666666666664	43.333333333333336
213	0.0	120.0	100.0	81.70731707317073	56.666666666666664	43.333333333333336
214	0.0	120.0	100.0	81.70731707317073	56.666666666666664	43.333333333333336
215	0.0	120.0	100.0	81.70731707317073	56.666666666666664	43.333333333333336
216	0.0	120.0	100.0	81.70731707317073	56.666666666666664	43.333333333333336
217	0.0	120.0	100.0	81.70731707317073	56.666666666666664	43.333333333333336
218	0.0	120.0	100.0	81.70731707317073	56.666666666666664	43.333333333333336
219	0.0	120.0	100.0	81.70731707317073	56.666666666666664	43.333333333333336
220	0.0	120.0	100.0	81.70731707317073	56.666666666666664	43.333333333333336
221	0.0	120.0	100.0	81.70731707317073	56.666666666666664	43.333333333333336
222	0.0	120.0	100.0	81.70731707317073	56.666666666666664	43.333333333333336
223	0.0	120.0	100.0	81.70731707317073	56.666666666666664	43.333333333333336
224	0.0	120.0	100.0	81.70731707317073	56.666666666666664	43.333333333333336
225	0.0	120.0	100.0	81.70731707317073	56.666666666666664	43.333333333333336
226	0.0	120.0	100.0	81.70731707317073	56.666666666666664	43.333333333333336
227	0.0	120.0	100.0	81.70731707317073	56.666666666666664	43.333333333333336
228	0.0	120.0	100.0	81.70731707317073	56.666666666666664	43.333333333333336
229	0.0	120.0	100.0	81.70731707317073	56.666666666666664	43.333333333333336
230	0.0	120.0	100.0	81.70731707317073	56.666666666666664	43.333333333333336
231	0.0	120.0	100.0	81.70731707317073	56.666666666666664	43.333333333333336
232	0.0	120.0	100.0	81.70731707317073	56.666666666666664	43.333333333333336
233	0.0	120.0	100.0	81.70731707317073	56.666666666666664	43.333333333333336
234	0.0	120.0	100.0	81.70731707317073	56.666666666666664	43.333333333333336
235	0.0	120.0	100.0	81.70731707317073	56.666666666666664	43.333333333333336
236	0.0	120.0	100.0	81.70731707317073	56.666666666666664	43.333333333333336
237	0.0	120.0	100.0	81.70731707317073	56.666666666666664	43.333333333333336
238	0.0	120.0	100.0	81.70731707317073	56.666666666666664	43.333333333333336
239	0.0	120.0	100.0	81.70731707317073	56.666666666666664	43.333333333333336
240	0.0	120.0	100.0	81.70731707317073	56.666666666666664	43.333333333333336
241	0.0	120.0	100.0	81.70731707317073	56.666666666666664	43.333333333333336
242	0.0	120.0	100.0	81.70731707317073	56.666666666666664	43.333333333333336
243	0.0	120.0	100.0	81.70731707317073	56.666666666666664	43.333333333333336
244	0.0	120.0	100.0	81.70731707317073	56.666666666666664	43.333333333333336
245	0.0	120.0	100.0	81.70731707317073	56.666666666666664	43.333333333333336
246	0.0	120.0	100.0	81.70731707317073	56.666666666666664	43.333333333333336
247	0.0	120.0	100.0	81.70731707317073	56.666666666666664	43.333333333333336
248	0.0	120.0	100.0	81.70731707317073	56.666666666666664	43.333333333333336
249	0.0	120.0	100.0	81.70731707317073	56.666666666666664	43.333333333333336
250	0.0	120.0	100.0	81.70731707317073	56.666666666666664	43.333333333333336
251	0.0	120.0	100.0	81.70731707317073	56.666666666666664	43.333333333333336
252	0.0	120.0	100.0	81.70731707317073	56.666666666666664	43.333333333333336
253	0.0	120.0	100.0	81.70731707317073	56.666666666666664	43.333333333333336
254	0.0	120.0	100.0	81.70731707317073	56.666666666666664	43.333333333333336
255	0.0	120.0	100.0	81.70731707317073	56.666666666666664	43.333333333333336
256	0.0	120.0	100.0	81.70731707317073	56.666666666666664	43.333333333333336
257	0.0	120.0	100.0	81.70731707317073	56.666666666666664	43.333333333333336
258	0.0	120.0	100.0	81.70731707317073	56.666666666666664	43.333333333333336
259	0.0	120.0	100.0	81.70731707317073	56.666666666666664	43.333333333333336
260	0.0	120.0	100.0	81.70731707317073	56.666666666666664	43.333333333333336
261	0.0	120.0	100.0	81.70731707317073	56.666666666666664	43.333333333333336
262	0.0	120.0	100.0	81.70731707317073	56.666666666666664	43.333333333333336
263	0.0	120.0	100.0	81.70731707317073	56.666666666666664	43.333333333333336
264	0.0	120.0	100.0	81.70731707317073	56.666666666666664	43.333333333333336
265	0.0	120.0	100.0	81.70731707317073	56.666666666666664	43.333333333333336
266	0.0	120.0	100.0	81.70731707317073	56.666666666666664	43.333333333333336
267	0.0	120.0	100.0	81.70731707317073	56.666666666666664	43.333333333333336
268	0.0	120.0	100.0	81.70731707317073	56.666666666666664	43.333333333333336
269	0.0	120.0	100.0	81.70731707317073	56.666666666666664	43.333333333333336
270	0.0	120.0	100.0	81.70731707317073	56.666666666666664	43.333333333333336
271	0.0	120.0	100.0	81.70731707317073	56.666666666666664	43.333333333333336
272	0.0	120.0	100.0	81.70731707317073	56.666666666666664	43.333333333333336
273	0.0	120.0	100.0	81.70731707317073	56.666666666666664	43.333333333333336
274	0.0	120.0	100.0	81.70731707317073	56.666666666666664	43.333333333333336
275	0.0	120.0	100.0	81.70731707317073	56.666666666666664	43.333333333333336
276	0.0	120.0	100.0	81.70731707317073	56.666666666666664	43.333333333333336
277	0.0	120.0	100.0	81.70731707317073	56.666666666666664	43.333333333333336
278	0.0	120.0	100.0	81.70731707317073	56.666666666666664	43.333333333333336
279	0.0	120.0	100.0	81.70731707317073	56.666666666666664	43.333333333333336
280	0.0	120.0	100.0	81.70731707317073	56.666666666666664	43.333333333333336
281	0.0	120.0	100.0	81.70731707317073	56.666666666666664	43.333333333333336
282	0.0	120.0	100.0	81.70731707317073	56.666666666666664	43.333333333333336
283	0.0	120.0	100.0	81.70731707317073	56.666666666666664	43.333333333333336
284	0.0	120.0	100.0	81.70731707317073	56.666666666666664	43.333333333333336
285	0.0	120.0	100.0	81.70731707317073	56.666666666666664	43.333333333333336
286	0.0	120.0	100.0	81.70731707317073	56.666666666666664	43.333333333333336
287	0.0	120.0	100.0	81.70731707317073	56.666666666666664	43.333333333333336
288	0.0	120.0	100.0	81.70731707317073	56.666666666666664	43.333333333333336
289	0.0	120.0	100.0	81.70731707317073	56.666666666666664	43.333333333333336
290	0.0	120.0	100.0	81.70731707317073	56.666666666666664	43.333333333333336
291	0.0	120.0	100.0	81.70731707317073	56.666666666666664	43.333333333333336
292	0.0	120.0	100.0	81.70731707317073	56.666666666666664	43.333333333333336
293	0.0	120.0	100.0	81.70731707317073	56.666666666666664	43.333333333333336
294	0.0	120.0	100.0	81.70731707317073	56.666666666666664	43.333333333333336
295	0.0	120.0	100.0	81.70731707317073	56.666666666666664	43.333333333333336
296	0.0	120.0	100.0	81.70731707317073	56.666666666666664	43.333333333333336
297	0.0	120.0	100.0	81.70731707317073	56.666666666666664	43.333333333333336
298	0.0	120.0	100.0	81.70731707317073	56.666666666666664	43.333333333333336
299	0.0	120.0	100.0	81.70731707317073	56.666666666666664	43.333333333333336
300	0.0	120.0	100.0	81.70731707317073	56.666666666666664	43.333333333333336
301	0.0	120.0	100.0	81.70731707317073	56.666666666666664	43.333333333333336
302	0.0	120.0	100.0	81.70731707317073	56.666666666666664	43.333333333333336
303	0.0	120.0	100.0	81.70731707317073	56.666666666666664	43.333333333333336
304	0.0	120.0	100.0	81.70731707317073	56.666666666666664	43.333333333333336
305	0.0	120.0	100.0	81.70731707317073	56.666666666666664	43.333333333333336
306	0.0	120.0	100.0	81.70731707317073	56.666666666666664	43.333333333333336
307	0.0	120.0	100.0	81.70731707317073	56.666666666666664	43.333333333333336
308	0.0	120.0	100.0	81.70731707317073	56.666666666666664	43.333333333333336
309	0.0	120.0	100.0	81.70731707317073	56.666666666666664	43.333333333333336
310	0.0	120.0	100.0	81.70731707317073	56.666666666666664	43.333333333333336
311	0.0	120.0	100.0	81.70731707317073	56.666666666666664	43.333333333333336
312	0.0	120.0	100.0	81.70731707317073	56.666666666666664	43.333333333333336
313	0.0	120.0	100.0	81.70731707317073	56.666666666666664	43.333333333333336
314	0.0	120.0	100.0	81.70731707317073	56.666666666666664	43.333333333333336
315	0.0	120.0	100.0	81.70731707317073	56.666666666666664	43.333333333333336
316	0.0	120.0	100.0	81.70731707317073	56.666666666666664	43.333333333333336
317	0.0	120.0	100.0	81.70731707317073	56.666666666666664	43.333333333333336
318	0.0	120.0	100.0	81.70731707317073	56.666666666666664	43.333333333333336
319	0.0	120.0	100.0	81.70731707317073	56.666666666666664	43.333333333333336
320	0.0	120.0	100.0	81.70731707317073	56.666666666666664	43.333333333333336
321	0.0	120.0	100.0	81.70731707317073	56.666666666666664	43.333333333333336
322	0.0	120.0	100.0	81.70731707317073	56.666666666666664	43.333333333333336
323	0.0	120.0	100.0	81.70731707317073	56.666666666666664	43.333333333333336
324	0.0	120.0	100.0	81.70731707317073	56.666666666666664	43.333333333333336
325	0.0	120.0	100.0	81.70731707317073	56.666666666666664	43.333333333333336
326	0.0	120.0	100.0	81.70731707317073	56.666666666666664	43.333333333333336
327	0.0	120.0	100.0	81.70731707317073	56.666666666666664	43.333333333333336
328	0.0	120.0	100.0	81.70731707317073	56.666666666666664	43.333333333333336
329	0.0	120.0	100.0	81.70731707317073	56.666666666666664	43.333333333333336
330	0.0	120.0	100.0	81.70731707317073	56.666666666666664	43.333333333333336
331	0.0	120.0	100.0	81.70731707317073	56.666666666666664	43.333333333333336
332	0.0	120.0	100.0	81.70731707317073	56.666666666666664	43.333333333333336
333	0.0	120.0	100.0	81.70731707317073	56.666666666666664	43.333333333333336
334	0.0	120.0	100.0	81.70731707317073	56.666666666666664	43.333333333333336
335	0.0	120.0	100.0	81.70731707317073	56.666666666666664	43.333333333333336
336	0.0	120.0	100.0	81.70731707317073	56.666666666666664	43.333333333333336
337	0.0	120.0	100.0	81.70731707317073	56.666666666666664	43.333333333333336
338	0.0	120.0	100.0	81.70731707317073	56.666666666666664	43.333333333333336
339	0.0	120.0	100.0	81.70731707317073	56.666666666666664	43.333333333333336
340	0.0	120.0	100.0	81.70731707317073	56.666666666666664	43.333333333333336
341	0.0	120.0	100.0	81.70731707317073	56.666666666666664	43.333333333333336
342	0.0	120.0	100.0	81.70731707317073	56.666666666666664	43.333333333333336
343	0.0	120.0	100.0	81.70731707317073	56.666666666666664	43.333333333333336
344	0.0	120.0	100.0	81.70731707317073	56.666666666666664	43.333333333333336
345	0.0	120.0	100.0	81.70731707317073	56.666666666666664	43.333333333333336
346	0.0	120.0	100.0	81.70731707317073	56.666666666666664	43.333333333333336
347	0.0	120.0	100.0	81.70731707317073	56.666666666666664	43.333333333333336
348	0.0	120.0	100.0	81.70731707317073	56.666666666666664	43.333333333333336
349	0.0	120.0	100.0	81.70731707317073	56.666666666666664	43.333333333333336
350	0.0	120.0	100.0	81.70731707317073	56.666666666666664	43.333333333333336
351	0.0	120.0	100.0	81.70731707317073	56.666666666666664	43.333333333333336
352	0.0	120.0	100.0	81.70731707317073	56.666666666666664	43.333333333333336
353	0.0	120.0	100.0	81.70731707317073	56.666666666666664	43.333333333333336
354	0.0	120.0	100.0	81.70731707317073	56.666666666666664	43.333333333333336
355	0.0	120.0	100.0	81.70731707317073	56.666666666666664	43.333333333333336
356	0.0	120.0	100.0	81.70731707317073	56.666666666666664	43.333333333333336
357	0.0	120.0	100.0	81.70731707317073	56.666666666666664	43.333333333333336
358	0.0	120.0	100.0	81.70731707317073	56.666666666666664	43.333333333333336
359	0.0	120.0	100.0	81.70731707317073	56.666666666666664	43.333333333333336
360	0.0	120.0	100.0	81.70731707317073	56.666666666666664	43.333333333333336
361	0.0	120.0	100.0	81.70731707317073	56.666666666666664	43.333333333333336
362	0.0	120.0	100.0	81.70731707317073	56.666666666666664	43.333333333333336
363	0.0	120.0	100.0	81.70731707317073	56.666666666666664	43.333333333333336
364	0.0	120.0	100.0	81.70731707317073	56.666666666666664	43.333333333333336
365	0.0	120.0	100.0	81.70731707317073	56.666666666666664	43.333333333333336
366	0.0	120.0	100.0	81.70731707317073	56.666666666666664	43.333333333333336
367	0.0	120.0	100.0	81.70731707317073	56.666666666666664	43.333333333333336
368	0.0	120.0	100.0	81.70731707317073	56.666666666666664	43.333333333333336
369	0.0	120.0	100.0	81.70731707317073	56.666666666666664	43.333333333333336
370	0.0	120.0	100.0	81.70731707317073	56.666666666666664	43.333333333333336
371	0.0	120.0	100.0	81.70731707317073	56.666666666666664	43.333333333333336
372	0.0	120.0	100.0	81.70731707317073	56.666666666666664	43.333333333333336
373	0.0	120.0	100.0	81.70731707317073	56.666666666666664	43.333333333333336
374	0.0	120.0	100.0	81.70731707317073	56.666666666666664	43.333333333333336
375	0.0	120.0	100.0	81.70731707317073	56.666666666666664	43.333333333333336
376	0.0	120.0	100.0	81.70731707317073	56.666666666666664	43.333333333333336
377	0.0	120.0	100.0	81.70731707317073	56.666666666666664	43.333333333333336
378	0.0	120.0	100.0	81.70731707317073	56.666666666666664	43.333333333333336
379	0.0	120.0	100.0	81.70731707317073	56.666666666666664	43.333333333333336
380	0.0	120.0	100.0	81.70731707317073	56.666666666666664	43.333333333333336
381	0.0	120.0	100.0	81.70731707317073	56.666666666666664	43.333333333333336
382	0.0	120.0	100.0	81.70731707317073	56.666666666666664	43.333333333333336
383	0.0	120.0	100.0	81.70731707317073	56.666666666666664	43.333333333333336
384	0.0	120.0	100.0	81.70731707317073	56.666666666666664	43.333333333333336
385	0.0	120.0	100.0	81.70731707317073	56.666666666666664	43.333333333333336
386	0.0	120.0	100.0	81.70731707317073	56.666666666666664	43.333333333333336
387	0.0	120.0	100.0	81.70731707317073	56.666666666666664	43.333333333333336
388	0.0	120.0	100.0	81.70731707317073	56.666666666666664	43.333333333333336
389	0.0	120.0	100.0	81.70731707317073	56.666666666666664	43.333333333333336
390	0.0	120.0	100.0	81.70731707317073	56.666666666666664	43.333333333333336
391	0.0	120.0	100.0	81.70731707317073	56.666666666666664	43.333333333333336
392	0.0	120.0	100.0	81.70731707317073	56.666666666666664	43.333333333333336
393	0.0	120.0	100.0	81.70731707317073	56.666666666666664	43.333333333333336
394	0.0	120.0	100.0	81.70731707317073	56.666666666666664	43.333333333333336
395	0.0	120.0	100.0	81.70731707317073	56.666666666666664	43.333333333333336
396	0.0	120.0	100.0	81.70731707317073	56.666666666666664	43.333333333333336
397	0.0	120.0	100.0	81.70731707317073	56.666666666666664	43.333333333333336
398	0.0	120.0	100.0	81.70731707317073	56.666666666666664	43.333333333333336
399	0.0	120.0	100.0	81.70731707317073	56.666666666666664	43.333333333333336
400	0.0	120.0	100.0	81.70731707317073	56.666666666666664	43.333333333333336
401	0.0	120.0	100.0	81.70731707317073	56.666666666666664	43.333333333333336
402	0.0	120.0	100.0	81.70731707317073	56.666666666666664	43.333333333333336
403	0.0	120.0	100.0	81.70731707317073	56.666666666666664	43.333333333333336
404	0.0	120.0	100.0	81.70731707317073	56.666666666666664	43.333333333333336
405	0.0	120.0	100.0	81.70731707317073	56.666666666666664	43.333333333333336
406	0.0	120.0	100.0	81.70731707317073	56.666666666666664	43.333333333333336
407	0.0	120.0	100.0	81.70731707317073	56.666666666666664	43.333333333333336
408	0.0	120.0	100.0	81.70731707317073	56.666666666666664	43.333333333333336
409	0.0	120.0	100.0	81.70731707317073	56.666666666666664	43.333333333333336
410	0.0	120.0	100.0	81.70731707317073	56.666666666666664	43.333333333333336
411	0.0	120.0	100.0	81.70731707317073	56.666666666666664	43.333333333333336
412	0.0	120.0	100.0	81.70731707317073	56.666666666666664	43.333333333333336
413	0.0	120.0	100.0	81.70731707317073	56.666666666666664	43.333333333333336
414	0.0	120.0	100.0	81.70731707317073	56.666666666666664	43.333333333333336
415	0.0	120.0	100.0	81.70731707317073	56.666666666666664	43.333333333333336
416	0.0	120.0	100.0	81.70731707317073	56.666666666666664	43.333333333333336
417	0.0	120.0	100.0	81.70731707317073	56.666666666666664	43.333333333333336
418	0.0	120.0	100.0	81.70731707317073	56.666666666666664	43.333333333333336
419	0.0	120.0	100.0	81.70731707317073	56.666666666666664	43.333333333333336
420	0.0	120.0	100.0	81.70731707317073	56.666666666666664	43.333333333333336
421	0.0	120.0	100.0	81.70731707317073	56.666666666666664	43.333333333333336
422	0.0	120.0	100.0	81.70731707317073	56.666666666666664	43.333333333333336
423	0.0	120.0	100.0	81.70731707317073	56.666666666666664	43.333333333333336
424	0.0	120.0	100.0	81.70731707317073	56.666666666666664	43.333333333333336
425	0.0	120.0	100.0	81.70731707317073	56.666666666666664	43.333333333333336
426	0.0	120.0	100.0	81.70731707317073	56.666666666666664	43.333333333333336
427	0.0	120.0	100.0	81.70731707317073	56.666666666666664	43.333333333333336
428	0.0	120.0	100.0	81.70731707317073	56.666666666666664	43.333333333333336
429	0.0	120.0	100.0	81.70731707317073	56.666666666666664	43.333333333333336
430	0.0	120.0	100.0	81.70731707317073	56.666666666666664	43.333333333333336
431	0.0	120.0	100.0	81.70731707317073	56.666666666666664	43.333333333333336
432	0.0	120.0	100.0	81.70731707317073	56.666666666666664	43.333333333333336
433	0.0	120.0	100.0	81.70731707317073	56.666666666666664	43.333333333333336
434	0.0	120.0	100.0	81.70731707317073	56.666666666666664	43.333333333333336
435	0.0	120.0	100.0	81.70731707317073	56.666666666666664	43.333333333333336
436	0.0	120.0	100.0	81.70731707317073	56.666666666666664	43.333333333333336
437	0.0	120.0	100.0	81.70731707317073	56.666666666666664	43.333333333333336
438	0.0	120.0	100.0	81.70731707317073	56.666666666666664	43.333333333333336
439	0.0	120.0	100.0	81.70731707317073	56.666666666666664	43.333333333333336
440	0.0	120.0	100.0	81.70731707317073	56.666666666666664	43.333333333333336
441	0.0	120.0	100.0	81.70731707317073	56.666666666666664	43.333333333333336
442	0.0	120.0	100.0	81.70731707317073	56.666666666666664	43.333333333333336
443	0.0	120.0	100.0	81.70731707317073	56.666666666666664	43.333333333333336
444	0.0	120.0	100.0	81.70731707317073	56.666666666666664	43.333333333333336
445	0.0	120.0	100.0	81.70731707317073	56.666666666666664	43.333333333333336
446	0.0	120.0	100.0	81.70731707317073	56.666666666666664	43.333333333333336
447	0.0	120.0	100.0	81.70731707317073	56.666666666666664	43.333333333333336
448	0.0	120.0	100.0	81.70731707317073	56.666666666666664	43.333333333333336
449	0.0	120.0	100.0	81.70731707317073	56.666666666666664	43.333333333333336
450	0.0	120.0	100.0	81.70731707317073	56.666666666666664	43.333333333333336
451	0.0	120.0	100.0	81.70731707317073	56.666666666666664	43.333333333333336
452	0.0	120.0	100.0	81.70731707317073	56.666666666666664	43.333333333333336
453	0.0	120.0	100.0	81.70731707317073	56.666666666666664	43.333333333333336
454	0.0	120.0	100.0	81.70731707317073	56.666666666666664	43.333333333333336
455	0.0	120.0	100.0	81.70731707317073	56.666666666666664	43.333333333333336
456	0.0	120.0	100.0	81.70731707317073	56.666666666666664	43.333333333333336
457	0.0	120.0	100.0	81.70731707317073	56.666666666666664	43.333333333333336
458	0.0	120.0	100.0	81.70731707317073	56.666666666666664	43.333333333333336
459	0.0	120.0	100.0	81.70731707317073	56.666666666666664	43.333333333333336
460	0.0	120.0	100.0	81.70731707317073	56.666666666666664	43.333333333333336
461	0.0	120.0	100.0	81.70731707317073	56.666666666666664	43.333333333333336
462	0.0	120.0	100.0	81.70731707317073	56.666666666666664	43.333333333333336
463	0.0	120.0	100.0	81.70731707317073	56.666666666666664	43.333333333333336
464	0.0	120.0	100.0	81.70731707317073	56.666666666666664	43.333333333333336
465	0.0	120.0	100.0	81.70731707317073	56.666666666666664	43.333333333333336
466	0.0	120.0	100.0	81.70731707317073	56.666666666666664	43.333333333333336
467	0.0	120.0	100.0	81.70731707317073	56.666666666666664	43.333333333333336
468	0.0	120.0	100.0	81.70731707317073	56.666666666666664	43.333333333333336
469	0.0	120.0	100.0	81.70731707317073	56.666666666666664	43.333333333333336
470	0.0	120.0	100.0	81.70731707317073	56.666666666666664	43.333333333333336
471	0.0	120.0	100.0	81.70731707317073	56.666666666666664	43.333333333333336
472	0.0	120.0	100.0	81.70731707317073	56.666666666666664	43.333333333333336
473	0.0	120.0	100.0	81.70731707317073	56.666666666666664	43.333333333333336
474	0.0	120.0	100.0	81.70731707317073	56.666666666666664	43.333333333333336
475	0.0	120.0	100.0	81.70731707317073	56.666666666666664	43.333333333333336
476	0.0	120.0	100.0	81.70731707317073	56.666666666666664	43.333333333333336
477	0.0	120.0	100.0	81.70731707317073	56.666666666666664	43.333333333333336
478	0.0	120.0	100.0	81.70731707317073	56.666666666666664	43.333333333333336
479	0.0	120.0	100.0	81.70731707317073	56.666666666666664	43.333333333333336
480	0.0	120.0	100.0	81.70731707317073	56.666666666666664	43.333333333333336
481	0.0	120.0	100.0	81.70731707317073	56.666666666666664	43.333333333333336
482	0.0	120.0	100.0	81.70731707317073	56.666666666666664	43.333333333333336
483	0.0	120.0	100.0	81.70731707317073	56.666666666666664	43.333333333333336
484	0.0	120.0	100.0	81.70731707317073	56.666666666666664	43.333333333333336
485	0.0	120.0	100.0	81.70731707317073	56.666666666666664	43.333333333333336
486	0.0	120.0	100.0	81.70731707317073	56.666666666666664	43.333333333333336
487	0.0	120.0	100.0	81.70731707317073	56.666666666666664	43.333333333333336
488	0.0	120.0	100.0	81.70731707317073	56.666666666666664	43.333333333333336
489	0.0	120.0	100.0	81.70731707317073	56.666666666666664	43.333333333333336
490	0.0	120.0	100.0	81.70731707317073	56.666666666666664	43.333333333333336
491	0.0	120.0	100.0	81.70731707317073	56.666666666666664	43.333333333333336
492	0.0	120.0	100.0	81.70731707317073	56.666666666666664	43.333333333333336
493	0.0	120.0	100.0	81.70731707317073	56.666666666666664	43.333333333333336
494	0.0	120.0	100.0	81.70731707317073	56.666666666666664	43.333333333333336
495	0.0	120.0	100.0	81.70731707317073	56.666666666666664	43.333333333333336
496	0.0	120.0	100.0	81.70731707317073	56.666666666666664	43.333333333333336
497	0.0	120.0	100.0	81.70731707317073	56.666666666666664	43.333333333333336
498	0.0	120.0	100.0	81.70731707317073	56.666666666666664	43.333333333333336
499	0.0	120.0	100.0	81.70731707317073	56.666666666666664	43.333333333333336
500	0.0	120.0	100.0	81.70731707317073	56.666666666666664	43.333333333333336
501	0.0	120.0	100.0	81.70731707317073	56.666666666666664	43.333333333333336
502	0.0	120.0	100.0	81.70731707317073	56.666666666666664	43.333333333333336
503	0.0	120.0	100.0	81.70731707317073	56.666666666666664	43.333333333333336
504	0.0	120.0	100.0	81.70731707317073	56.666666666666664	43.333333333333336
505	0.0	120.0	100.0	81.70731707317073	56.666666666666664	43.333333333333336
506	0.0	120.0	100.0	81.70731707317073	56.666666666666664	43.333333333333336
507	0.0	120.0	100.0	81.70731707317073	56.666666666666664	43.333333333333336
508	0.0	120.0	100.0	81.70731707317073	56.666666666666664	43.333333333333336
509	0.0	120.0	100.0	81.70731707317073	56.666666666666664	43.333333333333336
510	0.0	120.0	100.0	81.70731707317073	56.666666666666664	43.333333333333336
511	0.0	120.0	100.0	81.70731707317073	56.666666666666664	43.333333333333336
512	0.0	120.0	100.0	81.70731707317073	56.666666666666664	43.333333333333336
513	0.0	120.0	100.0	81.70731707317073	56.666666666666664	43.333333333333336
514	0.0	120.0	100.0	81.70731707317073	56.666666666666664	43.333333333333336
515	0.0	120.0	100.0	81.70731707317073	56.666666666666664	43.333333333333336
516	0.0	120.0	100.0	81.70731707317073	56.666666666666664	43.333333333333336
517	0.0	120.0	100.0	81.70731707317073	56.666666666666664	43.333333333333336
518	0.0	120.0	100.0	81.70731707317073	56.666666666666664	43.333333333333336
519	0.0	120.0	100.0	81.70731707317073	56.666666666666664	43.333333333333336
520	0.0	120.0	100.0	81.70731707317073	56.666666666666664	43.333333333333336
521	0.0	120.0	100.0	81.70731707317073	56.666666666666664	43.333333333333336
522	0.0	120.0	100.0	81.70731707317073	56.666666666666664	43.333333333333336
523	0.0	120.0	100.0	81.70731707317073	56.666666666666664	43.333333333333336
524	0.0	120.0	100.0	81.70731707317073	56.666666666666664	43.333333333333336
525	0.0	120.0	100.0	81.70731707317073	56.666666666666664	43.333333333333336
526	0.0	120.0	100.0	81.70731707317073	56.666666666666664	43.333333333333336
527	0.0	120.0	100.0	81.70731707317073	56.666666666666664	43.333333333333336
528	0.0	120.0	100.0	81.70731707317073	56.666666666666664	43.333333333333336
529	0.0	120.0	100.0	81.70731707317073	56.666666666666664	43.333333333333336
530	0.0	120.0	100.0	81.70731707317073	56.666666666666664	43.333333333333336
531	0.0	120.0	100.0	81.70731707317073	56.666666666666664	43.333333333333336
532	0.0	120.0	100.0	81.70731707317073	56.666666666666664	43.333333333333336
533	0.0	120.0	100.0	81.70731707317073	56.666666666666664	43.333333333333336
534	0.0	120.0	100.0	81.70731707317073	56.666666666666664	43.333333333333336
535	0.0	120.0	100.0	81.70731707317073	56.666666666666664	43.333333333333336
536	0.0	120.0	100.0	81.70731707317073	56.666666666666664	43.333333333333336
537	0.0	120.0	100.0	81.70731707317073	56.666666666666664	43.333333333333336
538	0.0	120.0	100.0	81.70731707317073	56.666666666666664	43.333333333333336
539	0.0	120.0	100.0	81.70731707317073	56.666666666666664	43.333333333333336
540	0.0	120.0	100.0	81.70731707317073	56.666666666666664	43.333333333333336
541	0.0	120.0	100.0	81.70731707317073	56.666666666666664	43.333333333333336
542	0.0	120.0	100.0	81.70731707317073	56.666666666666664	43.333333333333336
543	0.0	120.0	100.0	81.70731707317073	56.666666666666664	43.333333333333336
544	0.0	120.0	100.0	81.70731707317073	56.666666666666664	43.333333333333336
545	0.0	120.0	100.0	81.70731707317073	56.666666666666664	43.333333333333336
546	0.0	120.0	100.0	81.70731707317073	56.666666666666664	43.333333333333336
547	0.0	120.0	100.0	81.70731707317073	56.666666666666664	43.333333333333336
548	0.0	120.0	100.0	81.70731707317073	56.666666666666664	43.333333333333336
549	0.0	120.0	100.0	81.70731707317073	56.666666666666664	43.333333333333336
550	0.0	120.0	100.0	81.70731707317073	56.666666666666664	43.333333333333336
551	0.0	120.0	100.0	81.70731707317073	56.666666666666664	43.333333333333336
552	0.0	120.0	100.0	81.70731707317073	56.666666666666664	43.333333333333336
553	0.0	120.0	100.0	81.70731707317073	56.666666666666664	43.333333333333336
554	0.0	120.0	100.0	81.70731707317073	56.666666666666664	43.333333333333336
555	0.0	120.0	100.0	81.70731707317073	56.666666666666664	43.333333333333336
556	0.0	120.0	100.0	81.70731707317073	56.666666666666664	43.333333333333336
557	0.0	120.0	100.0	81.70731707317073	56.666666666666664	43.333333333333336
558	0.0	120.0	100.0	81.70731707317073	56.666666666666664	43.333333333333336
559	0.0	120.0	100.0	81.70731707317073	56.666666666666664	43.333333333333336
560	0.0	120.0	100.0	81.70731707317073	56.666666666666664	43.333333333333336
561	0.0	120.0	100.0	81.70731707317073	56.666666666666664	43.333333333333336
562	0.0	120.0	100.0	81.70731707317073	56.666666666666664	43.333333333333336
563	0.0	120.0	100.0	81.70731707317073	56.666666666666664	43.333333333333336
564	0.0	120.0	100.0	81.70731707317073	56.666666666666664	43.333333333333336
565	0.0	120.0	100.0	81.70731707317073	56.666666666666664	43.333333333333336
566	0.0	120.0	100.0	81.70731707317073	56.666666666666664	43.333333333333336
567	0.0	120.0	100.0	81.70731707317073	56.666666666666664	43.333333333333336
568	0.0	120.0	100.0	81.70731707317073	56.666666666666664	43.333333333333336
569	0.0	120.0	100.0	81.70731707317073	56.666666666666664	43.333333333333336
570	0.0	120.0	100.0	81.70731707317073	56.666666666666664	43.333333333333336
571	0.0	120.0	100.0	81.70731707317073	56.666666666666664	43.333333333333336
572	0.0	120.0	100.0	81.70731707317073	56.666666666666664	43.333333333333336
573	0.0	120.0	100.0	81.70731707317073	56.666666666666664	43.333333333333336
574	0.0	120.0	100.0	81.70731707317073	56.666666666666664	43.333333333333336
575	0.0	120.0	100.0	81.70731707317073	56.666666666666664	43.333333333333336
576	0.0	120.0	100.0	81.70731707317073	56.666666666666664	43.333333333333336
577	0.0	120.0	100.0	81.70731707317073	56.666666666666664	43.333333333333336
578	0.0	120.0	100.0	81.70731707317073	56.666666666666664	43.333333333333336
579	0.0	120.0	100.0	81.70731707317073	56.666666666666664	43.333333333333336
580	0.0	120.0	100.0	81.70731707317073	56.666666666666664	43.333333333333336
581	0.0	120.0	100.0	81.70731707317073	56.666666666666664	43.333333333333336
582	0.0	120.0	100.0	81.70731707317073	56.666666666666664	43.333333333333336
583	0.0	120.0	100.0	81.70731707317073	56.666666666666664	43.333333333333336
584	0.0	120.0	100.0	81.70731707317073	56.666666666666664	43.333333333333336
585	0.0	120.0	100.0	81.70731707317073	56.666666666666664	43.333333333333336
586	0.0	120.0	100.0	81.70731707317073	56.666666666666664	43.333333333333336
587	0.0	120.0	100.0	81.70731707317073	56.666666666666664	43.333333333333336
588	0.0	120.0	100.0	81.70731707317073	56.666666666666664	43.333333333333336
589	0.0	120.0	100.0	81.70731707317073	56.666666666666664	43.333333333333336
590	0.0	120.0	100.0	81.70731707317073	56.666666666666664	43.333333333333336
591	0.0	120.0	100.0	81.70731707317073	56.666666666666664	43.333333333333336
592	0.0	120.0	100.0	81.70731707317073	56.666666666666664	43.333333333333336
593	0.0	120.0	100.0	81.70731707317073	56.666666666666664	43.333333333333336
594	0.0	120.0	100.0	81.70731707317073	56.666666666666664	43.333333333333336
595	0.0	120.0	100.0	81.70731707317073	56.666666666666664	43.333333333333336
596	0.0	120.0	100.0	81.70731707317073	56.666666666666664	43.333333333333336
597	0.0	120.0	100.0	81.70731707317073	56.666666666666664	43.333333333333336
598	0.0	120.0	100.0	81.70731707317073	56.666666666666664	43.333333333333336
599	0.0	120.0	100.0	81.70731707317073	56.666666666666664	43.333333333333336
600	0.0	120.0	100.0	81.70731707317073	56.666666666666664	43.333333333333336
601	0.0	120.0	100.0	81.70731707317073	56.666666666666664	43.333333333333336
602	0.0	120.0	100.0	81.70731707317073	56.666666666666664	43.333333333333336
603	0.0	120.0	100.0	81.70731707317073	56.666666666666664	43.333333333333336
604	0.0	120.0	100.0	81.70731707317073	56.666666666666664	43.333333333333336
605	0.0	120.0	100.0	81.70731707317073	56.666666666666664	43.333333333333336
606	0.0	120.0	100.0	81.70731707317073	56.666666666666664	43.333333333333336
607	0.0	120.0	100.0	81.70731707317073	56.666666666666664	43.333333333333336
608	0.0	120.0	100.0	81.70731707317073	56.666666666666664	43.333333333333336
609	0.0	120.0	100.0	81.70731707317073	56.666666666666664	43.333333333333336
610	0.0	120.0	100.0	81.70731707317073	56.666666666666664	43.333333333333336
611	0.0	120.0	100.0	81.70731707317073	56.666666666666664	43.333333333333336
612	0.0	120.0	100.0	81.70731707317073	56.666666666666664	43.333333333333336
613	0.0	120.0	100.0	81.70731707317073	56.666666666666664	43.333333333333336
614	0.0	120.0	100.0	81.70731707317073	56.666666666666664	43.333333333333336
615	0.0	120.0	100.0	81.70731707317073	56.666666666666664	43.333333333333336
616	0.0	120.0	100.0	81.70731707317073	56.666666666666664	43.333333333333336
617	0.0	120.0	100.0	81.70731707317073	56.666666666666664	43.333333333333336
618	0.0	120.0	100.0	81.70731707317073	56.666666666666664	43.333333333333336
619	0.0	120.0	100.0	81.70731707317073	56.666666666666664	43.333333333333336
620	0.0	120.0	100.0	81.70731707317073	56.666666666666664	43.333333333333336
621	0.0	120.0	100.0	81.70731707317073	56.666666666666664	43.333333333333336
622	0.0	120.0	100.0	81.70731707317073	56.666666666666664	43.333333333333336
623	0.0	120.0	100.0	81.70731707317073	56.666666666666664	43.333333333333336
624	0.0	120.0	100.0	81.70731707317073	56.666666666666664	43.333333333333336
625	0.0	120.0	100.0	81.70731707317073	56.666666666666664	43.333333333333336
626	0.0	120.0	100.0	81.70731707317073	56.666666666666664	43.333333333333336
627	0.0	120.0	100.0	81.70731707317073	56.666666666666664	43.333333333333336
628	0.0	120.0	100.0	81.70731707317073	56.666666666666664	43.333333333333336
629	0.0	120.0	100.0	81.70731707317073	56.666666666666664	43.333333333333336
630	0.0	120.0	100.0	81.70731707317073	56.666666666666664	43.333333333333336
631	0.0	120.0	100.0	81.70731707317073	56.666666666666664	43.333333333333336
632	0.0	120.0	100.0	81.70731707317073	56.666666666666664	43.333333333333336
633	0.0	120.0	100.0	81.70731707317073	56.666666666666664	43.333333333333336
634	0.0	120.0	100.0	81.70731707317073	56.666666666666664	43.333333333333336
635	0.0	120.0	100.0	81.70731707317073	56.666666666666664	43.333333333333336
636	0.0	120.0	100.0	81.70731707317073	56.666666666666664	43.333333333333336
637	0.0	120.0	100.0	81.70731707317073	56.666666666666664	43.333333333333336
638	0.0	120.0	100.0	81.70731707317073	56.666666666666664	43.333333333333336
639	0.0	120.0	100.0	81.70731707317073	56.666666666666664	43.333333333333336
640	0.0	120.0	100.0	81.70731707317073	56.666666666666664	43.333333333333336
641	0.0	120.0	100.0	81.70731707317073	56.666666666666664	43.333333333333336
642	0.0	120.0	100.0	81.70731707317073	56.666666666666664	43.333333333333336
643	0.0	120.0	100.0	81.70731707317073	56.666666666666664	43.333333333333336
644	0.0	120.0	100.0	81.70731707317073	56.666666666666664	43.333333333333336
645	0.0	120.0	100.0	81.70731707317073	56.666666666666664	43.333333333333336
646	0.0	120.0	100.0	81.70731707317073	56.666666666666664	43.333333333333336
647	0.0	120.0	100.0	81.70731707317073	56.666666666666664	43.333333333333336
648	0.0	120.0	100.0	81.70731707317073	56.666666666666664	43.333333333333336
649	0.0	120.0	100.0	81.70731707317073	56.666666666666664	43.333333333333336
650	0.0	120.0	100.0	81.70731707317073	56.666666666666664	43.333333333333336
651	0.0	120.0	100.0	81.70731707317073	56.666666666666664	43.333333333333336
652	0.0	120.0	100.0	81.70731707317073	56.666666666666664	43.333333333333336
653	0.0	120.0	100.0	81.70731707317073	56.666666666666664	43.333333333333336
654	0.0	120.0	100.0	81.70731707317073	56.666666666666664	43.333333333333336
655	0.0	120.0	100.0	81.70731707317073	56.666666666666664	43.333333333333336
656	0.0	120.0	100.0	81.70731707317073	56.666666666666664	43.333333333333336
657	0.0	120.0	100.0	81.70731707317073	56.666666666666664	43.333333333333336
658	0.0	120.0	100.0	81.70731707317073	56.666666666666664	43.333333333333336
659	0.0	120.0	100.0	81.70731707317073	56.666666666666664	43.333333333333336
660	0.0	120.0	100.0	81.70731707317073	56.666666666666664	43.333333333333336
661	0.0	120.0	100.0	81.70731707317073	56.666666666666664	43.333333333333336
662	0.0	120.0	100.0	81.70731707317073	56.666666666666664	43.333333333333336
663	0.0	120.0	100.0	81.70731707317073	56.666666666666664	43.333333333333336
664	0.0	120.0	100.0	81.70731707317073	56.666666666666664	43.333333333333336
665	0.0	120.0	100.0	81.70731707317073	56.666666666666664	43.333333333333336
666	0.0	120.0	100.0	81.70731707317073	56.666666666666664	43.333333333333336
667	0.0	120.0	100.0	81.70731707317073	56.666666666666664	43.333333333333336
668	0.0	120.0	100.0	81.70731707317073	56.666666666666664	43.333333333333336
669	0.0	120.0	100.0	81.70731707317073	56.666666666666664	43.333333333333336
670	0.0	120.0	100.0	81.70731707317073	56.666666666666664	43.333333333333336
671	0.0	120.0	100.0	81.70731707317073	56.666666666666664	43.333333333333336
672	0.0	120.0	100.0	81.70731707317073	56.666666666666664	43.333333333333336
673	0.0	120.0	100.0	81.70731707317073	56.666666666666664	43.333333333333336
674	0.0	120.0	100.0	81.70731707317073	56.666666666666664	43.333333333333336
675	0.0	120.0	100.0	81.70731707317073	56.666666666666664	43.333333333333336
676	0.0	120.0	100.0	81.70731707317073	56.666666666666664	43.333333333333336
677	0.0	120.0	100.0	81.70731707317073	56.666666666666664	43.333333333333336
678	0.0	120.0	100.0	81.70731707317073	56.666666666666664	43.333333333333336
679	0.0	120.0	100.0	81.70731707317073	56.666666666666664	43.333333333333336
680	0.0	120.0	100.0	81.70731707317073	56.666666666666664	43.333333333333336
681	0.0	120.0	100.0	81.70731707317073	56.666666666666664	43.333333333333336
682	0.0	120.0	100.0	81.70731707317073	56.666666666666664	43.333333333333336
683	0.0	120.0	100.0	81.70731707317073	56.666666666666664	43.333333333333336
684	0.0	120.0	100.0	81.70731707317073	56.666666666666664	43.333333333333336
685	0.0	120.0	100.0	81.70731707317073	56.666666666666664	43.333333333333336
686	0.0	120.0	100.0	81.70731707317073	56.666666666666664	43.333333333333336
687	0.0	120.0	100.0	81.70731707317073	56.666666666666664	43.333333333333336
688	0.0	120.0	100.0	81.70731707317073	56.666666666666664	43.333333333333336
689	0.0	120.0	100.0	81.70731707317073	56.666666666666664	43.333333333333336
690	0.0	120.0	100.0	81.70731707317073	56.666666666666664	43.333333333333336
691	0.0	120.0	100.0	81.70731707317073	56.666666666666664	43.333333333333336
692	0.0	120.0	100.0	81.70731707317073	56.666666666666664	43.333333333333336
693	0.0	120.0	100.0	81.70731707317073	56.666666666666664	43.333333333333336
694	0.0	120.0	100.0	81.70731707317073	56.666666666666664	43.333333333333336
695	0.0	120.0	100.0	81.70731707317073	56.666666666666664	43.333333333333336
696	0.0	120.0	100.0	81.70731707317073	56.666666666666664	43.333333333333336
697	0.0	120.0	100.0	81.70731707317073	56.666666666666664	43.333333333333336
698	0.0	120.0	100.0	81.70731707317073	56.666666666666664	43.333333333333336
699	0.0	120.0	100.0	81.70731707317073	56.666666666666664	43.333333333333336
700	0.0	120.0	100.0	81.70731707317073	56.666666666666664	43.333333333333336
701	0.0	120.0	100.0	81.70731707317073	56.666666666666664	43.333333333333336
702	0.0	120.0	100.0	81.70731707317073	56.666666666666664	43.333333333333336
703	0.0	120.0	100.0	81.70731707317073	56.666666666666664	43.333333333333336
704	0.0	120.0	100.0	81.70731707317073	56.666666666666664	43.333333333333336
705	0.0	120.0	100.0	81.70731707317073	56.666666666666664	43.333333333333336
706	0.0	120.0	100.0	81.70731707317073	56.666666666666664	43.333333333333336
707	0.0	120.0	100.0	81.70731707317073	56.666666666666664	43.333333333333336
708	0.0	120.0	100.0	81.70731707317073	56.666666666666664	43.333333333333336
709	0.0	120.0	100.0	81.70731707317073	56.666666666666664	43.333333333333336
710	0.0	120.0	100.0	81.70731707317073	56.666666666666664	43.333333333333336
711	0.0	120.0	100.0	81.70731707317073	56.666666666666664	43.333333333333336
712	0.0	120.0	100.0	81.70731707317073	56.666666666666664	43.333333333333336
713	0.0	120.0	100.0	81.70731707317073	56.666666666666664	43.333333333333336
714	0.0	120.0	100.0	81.70731707317073	56.666666666666664	43.333333333333336
715	0.0	120.0	100.0	81.70731707317073	56.666666666666664	43.333333333333336
716	0.0	120.0	100.0	81.70731707317073	56.666666666666664	43.333333333333336
717	0.0	120.0	100.0	81.70731707317073	56.666666666666664	43.333333333333336
718	0.0	120.0	100.0	81.70731707317073	56.666666666666664	43.333333333333336
719	0.0	120.0	100.0	81.70731707317073	56.666666666666664	43.333333333333336
720	0.0	120.0	100.0	81.70731707317073	56.666666666666664	43.333333333333336
721	0.0	120.0	100.0	81.70731707317073	56.666666666666664	43.333333333333336
722	0.0	120.0	100.0	81.70731707317073	56.666666666666664	43.333333333333336
723	0.0	120.0	100.0	81.70731707317073	56.666666666666664	43.333333333333336
724	0.0	120.0	100.0	81.70731707317073	56.666666666666664	43.333333333333336
725	0.0	120.0	100.0	81.70731707317073	56.666666666666664	43.333333333333336
726	0.0	120.0	100.0	81.70731707317073	56.666666666666664	43.333333333333336
727	0.0	120.0	100.0	81.70731707317073	56.666666666666664	43.333333333333336
728	0.0	120.0	100.0	81.70731707317073	56.666666666666664	43.333333333333336
729	0.0	120.0	100.0	81.70731707317073	56.666666666666664	43.333333333333336
730	0.0	120.0	100.0	81.70731707317073	56.666666666666664	43.333333333333336
731	0.0	120.0	100.0	81.70731707317073	56.666666666666664	43.333333333333336
732	0.0	120.0	100.0	81.70731707317073	56.666666666666664	43.333333333333336
733	0.0	120.0	100.0	81.70731707317073	56.666666666666664	43.333333333333336
734	0.0	120.0	100.0	81.70731707317073	56.666666666666664	43.333333333333336
735	0.0	120.0	100.0	81.70731707317073	56.666666666666664	43.333333333333336
736	0.0	120.0	100.0	81.70731707317073	56.666666666666664	43.333333333333336
737	0.0	120.0	100.0	81.70731707317073	56.666666666666664	43.333333333333336
738	0.0	120.0	100.0	81.70731707317073	56.666666666666664	43.333333333333336
739	0.0	120.0	100.0	81.70731707317073	56.666666666666664	43.333333333333336
740	0.0	120.0	100.0	81.70731707317073	56.666666666666664	43.333333333333336
741	0.0	120.0	100.0	81.70731707317073	56.666666666666664	43.333333333333336
742	0.0	120.0	100.0	81.70731707317073	56.666666666666664	43.333333333333336
743	0.0	120.0	100.0	81.70731707317073	56.666666666666664	43.333333333333336
744	0.0	120.0	100.0	81.70731707317073	56.666666666666664	43.333333333333336
745	0.0	120.0	100.0	81.70731707317073	56.666666666666664	43.333333333333336
746	0.0	120.0	100.0	81.70731707317073	56.666666666666664	43.333333333333336
747	0.0	120.0	100.0	81.70731707317073	56.666666666666664	43.333333333333336
748	0.0	120.0	100.0	81.70731707317073	56.666666666666664	43.333333333333336
749	0.0	120.0	100.0	81.70731707317073	56.666666666666664	43.333333333333336
750	0.0	120.0	100.0	81.70731707317073	56.666666666666664	43.333333333333336
751	0.0	120.0	100.0	81.70731707317073	56.666666666666664	43.333333333333336
752	0.0	120.0	100.0	81.70731707317073	56.666666666666664	43.333333333333336
753	0.0	120.0	100.0	81.70731707317073	56.666666666666664	43.333333333333336
754	0.0	120.0	100.0	81.70731707317073	56.666666666666664	43.333333333333336
755	0.0	120.0	100.0	81.70731707317073	56.666666666666664	43.333333333333336
756	0.0	120.0	100.0	81.70731707317073	56.666666666666664	43.333333333333336
757	0.0	120.0	100.0	81.70731707317073	56.666666666666664	43.333333333333336
758	0.0	120.0	100.0	81.70731707317073	56.666666666666664	43.333333333333336
759	0.0	120.0	100.0	81.70731707317073	56.666666666666664	43.333333333333336
760	0.0	120.0	100.0	81.70731707317073	56.666666666666664	43.333333333333336
761	0.0	120.0	100.0	81.70731707317073	56.666666666666664	43.333333333333336
762	0.0	120.0	100.0	81.70731707317073	56.666666666666664	43.333333333333336
763	0.0	120.0	100.0	81.70731707317073	56.666666666666664	43.333333333333336
764	0.0	120.0	100.0	81.70731707317073	56.666666666666664	43.333333333333336
765	0.0	120.0	100.0	81.70731707317073	56.666666666666664	43.333333333333336
766	0.0	120.0	100.0	81.70731707317073	56.666666666666664	43.333333333333336
767	0.0	120.0	100.0	81.70731707317073	56.666666666666664	43.333333333333336
768	0.0	120.0	100.0	81.70731707317073	56.666666666666664	43.333333333333336
769	0.0	120.0	100.0	81.70731707317073	56.666666666666664	43.333333333333336
770	0.0	120.0	100.0	81.70731707317073	56.666666666666664	43.333333333333336
771	0.0	120.0	100.0	81.70731707317073	56.666666666666664	43.333333333333336
772	0.0	120.0	100.0	81.70731707317073	56.666666666666664	43.333333333333336
773	0.0	120.0	100.0	81.70731707317073	56.666666666666664	43.333333333333336
774	0.0	120.0	100.0	81.70731707317073	56.666666666666664	43.333333333333336
775	0.0	120.0	100.0	81.70731707317073	56.666666666666664	43.333333333333336
776	0.0	120.0	100.0	81.70731707317073	56.666666666666664	43.333333333333336
777	0.0	120.0	100.0	81.70731707317073	56.666666666666664	43.333333333333336
778	0.0	120.0	100.0	81.70731707317073	56.666666666666664	43.333333333333336
779	0.0	120.0	100.0	81.70731707317073	56.666666666666664	43.333333333333336
780	0.0	120.0	100.0	81.70731707317073	56.666666666666664	43.333333333333336
781	0.0	120.0	100.0	81.70731707317073	56.666666666666664	43.333333333333336
782	0.0	120.0	100.0	81.70731707317073	56.666666666666664	43.333333333333336
783	0.0	120.0	100.0	81.70731707317073	56.666666666666664	43.333333333333336
784	0.0	120.0	100.0	81.70731707317073	56.666666666666664	43.333333333333336
785	0.0	120.0	100.0	81.70731707317073	56.666666666666664	43.333333333333336
786	0.0	120.0	100.0	81.70731707317073	56.666666666666664	43.333333333333336
787	0.0	120.0	100.0	81.70731707317073	56.666666666666664	43.333333333333336
788	0.0	120.0	100.0	81.70731707317073	56.666666666666664	43.333333333333336
789	0.0	120.0	100.0	81.70731707317073	56.666666666666664	43.333333333333336
790	0.0	120.0	100.0	81.70731707317073	56.666666666666664	43.333333333333336
791	0.0	120.0	100.0	81.70731707317073	56.666666666666664	43.333333333333336
792	0.0	120.0	100.0	81.70731707317073	56.666666666666664	43.333333333333336
793	0.0	120.0	100.0	81.70731707317073	56.666666666666664	43.333333333333336
794	0.0	120.0	100.0	81.70731707317073	56.666666666666664	43.333333333333336
795	0.0	120.0	100.0	81.70731707317073	56.666666666666664	43.333333333333336
796	0.0	120.0	100.0	81.70731707317073	56.666666666666664	43.333333333333336
797	0.0	120.0	100.0	81.70731707317073	56.666666666666664	43.333333333333336
798	0.0	120.0	100.0	81.70731707317073	56.666666666666664	43.333333333333336
799	0.0	120.0	100.0	81.70731707317073	56.666666666666664	43.333333333333336
800	0.0	120.0	100.0	81.70731707317073	56.666666666666664	43.333333333333336
801	0.0	120.0	100.0	81.70731707317073	56.666666666666664	43.333333333333336
802	0.0	120.0	100.0	81.70731707317073	56.666666666666664	43.333333333333336
803	0.0	120.0	100.0	81.70731707317073	56.666666666666664	43.333333333333336
804	0.0	120.0	100.0	81.70731707317073	56.666666666666664	43.333333333333336
805	0.0	120.0	100.0	81.70731707317073	56.666666666666664	43.333333333333336
806	0.0	120.0	100.0	81.70731707317073	56.666666666666664	43.333333333333336
807	0.0	120.0	100.0	81.70731707317073	56.666666666666664	43.333333333333336
808	0.0	120.0	100.0	81.70731707317073	56.666666666666664	43.333333333333336
809	0.0	120.0	100.0	81.70731707317073	56.666666666666664	43.333333333333336
810	0.0	120.0	100.0	81.70731707317073	56.666666666666664	43.333333333333336
811	0.0	120.0	100.0	81.70731707317073	56.666666666666664	43.333333333333336
812	0.0	120.0	100.0	81.70731707317073	56.666666666666664	43.333333333333336
813	0.0	120.0	100.0	81.70731707317073	56.666666666666664	43.333333333333336
814	0.0	120.0	100.0	81.70731707317073	56.666666666666664	43.333333333333336
815	0.0	120.0	100.0	81.70731707317073	56.666666666666664	43.333333333333336
816	0.0	120.0	100.0	81.70731707317073	56.666666666666664	43.333333333333336
817	0.0	120.0	100.0	81.70731707317073	56.666666666666664	43.333333333333336
818	0.0	120.0	100.0	81.70731707317073	56.666666666666664	43.333333333333336
819	0.0	120.0	100.0	81.70731707317073	56.666666666666664	43.333333333333336
820	0.0	120.0	100.0	81.70731707317073	56.666666666666664	43.333333333333336
821	0.0	120.0	100.0	81.70731707317073	56.666666666666664	43.333333333333336
822	0.0	120.0	100.0	81.70731707317073	56.666666666666664	43.333333333333336
823	0.0	120.0	100.0	81.70731707317073	56.666666666666664	43.333333333333336
824	0.0	120.0	100.0	81.70731707317073	56.666666666666664	43.333333333333336
825	0.0	120.0	100.0	81.70731707317073	56.666666666666664	43.333333333333336
826	0.0	120.0	100.0	81.70731707317073	56.666666666666664	43.333333333333336
827	0.0	120.0	100.0	81.70731707317073	56.666666666666664	43.333333333333336
828	0.0	120.0	100.0	81.70731707317073	56.666666666666664	43.333333333333336
829	0.0	120.0	100.0	81.70731707317073	56.666666666666664	43.333333333333336
830	0.0	120.0	100.0	81.70731707317073	56.666666666666664	43.333333333333336
831	0.0	120.0	100.0	81.70731707317073	56.666666666666664	43.333333333333336
832	0.0	120.0	100.0	81.70731707317073	56.666666666666664	43.333333333333336
833	0.0	120.0	100.0	81.70731707317073	56.666666666666664	43.333333333333336
834	0.0	120.0	100.0	81.70731707317073	56.666666666666664	43.333333333333336
835	0.0	120.0	100.0	81.70731707317073	56.666666666666664	43.333333333333336
836	0.0	120.0	100.0	81.70731707317073	56.666666666666664	43.333333333333336
837	0.0	120.0	100.0	81.70731707317073	56.666666666666664	43.333333333333336
838	0.0	120.0	100.0	81.70731707317073	56.666666666666664	43.333333333333336
839	0.0	120.0	100.0	81.70731707317073	56.666666666666664	43.333333333333336
840	0.0	120.0	100.0	81.70731707317073	56.666666666666664	43.333333333333336
841	0.0	120.0	100.0	81.70731707317073	56.666666666666664	43.333333333333336
842	0.0	120.0	100.0	81.70731707317073	56.666666666666664	43.333333333333336
843	0.0	120.0	100.0	81.70731707317073	56.666666666666664	43.333333333333336
844	0.0	120.0	100.0	81.70731707317073	56.666666666666664	43.333333333333336
845	0.0	120.0	100.0	81.70731707317073	56.666666666666664	43.333333333333336
846	0.0	120.0	100.0	81.70731707317073	56.666666666666664	43.333333333333336
847	0.0	120.0	100.0	81.70731707317073	56.666666666666664	43.333333333333336
848	0.0	120.0	100.0	81.70731707317073	56.666666666666664	43.333333333333336
849	0.0	120.0	100.0	81.70731707317073	56.666666666666664	43.333333333333336
850	0.0	120.0	100.0	81.70731707317073	56.666666666666664	43.333333333333336
851	0.0	120.0	100.0	81.70731707317073	56.666666666666664	43.333333333333336
852	0.0	120.0	100.0	81.70731707317073	56.666666666666664	43.333333333333336
853	0.0	120.0	100.0	81.70731707317073	56.666666666666664	43.333333333333336
854	0.0	120.0	100.0	81.70731707317073	56.666666666666664	43.333333333333336
855	0.0	120.0	100.0	81.70731707317073	56.666666666666664	43.333333333333336
856	0.0	120.0	100.0	81.70731707317073	56.666666666666664	43.333333333333336
857	0.0	120.0	100.0	81.70731707317073	56.666666666666664	43.333333333333336
858	0.0	120.0	100.0	81.70731707317073	56.666666666666664	43.333333333333336
859	0.0	120.0	100.0	81.70731707317073	56.666666666666664	43.333333333333336
860	0.0	120.0	100.0	81.70731707317073	56.666666666666664	43.333333333333336
861	0.0	120.0	100.0	81.70731707317073	56.666666666666664	43.333333333333336
862	0.0	120.0	100.0	81.70731707317073	56.666666666666664	43.333333333333336
863	0.0	120.0	100.0	81.70731707317073	56.666666666666664	43.333333333333336
864	0.0	120.0	100.0	81.70731707317073	56.666666666666664	43.333333333333336
865	0.0	120.0	100.0	81.70731707317073	56.666666666666664	43.333333333333336
866	0.0	120.0	100.0	81.70731707317073	56.666666666666664	43.333333333333336
867	0.0	120.0	100.0	81.70731707317073	56.666666666666664	43.333333333333336
868	0.0	120.0	100.0	81.70731707317073	56.666666666666664	43.333333333333336
869	0.0	120.0	100.0	81.70731707317073	56.666666666666664	43.333333333333336
870	0.0	120.0	100.0	81.70731707317073	56.666666666666664	43.333333333333336
871	0.0	120.0	100.0	81.70731707317073	56.666666666666664	43.333333333333336
872	0.0	120.0	100.0	81.70731707317073	56.666666666666664	43.333333333333336
873	0.0	120.0	100.0	81.70731707317073	56.666666666666664	43.333333333333336
874	0.0	120.0	100.0	81.70731707317073	56.666666666666664	43.333333333333336
875	0.0	120.0	100.0	81.70731707317073	56.666666666666664	43.333333333333336
876	0.0	120.0	100.0	81.70731707317073	56.666666666666664	43.333333333333336
877	0.0	120.0	100.0	81.70731707317073	56.666666666666664	43.333333333333336
878	0.0	120.0	100.0	81.70731707317073	56.666666666666664	43.333333333333336
879	0.0	120.0	100.0	81.70731707317073	56.666666666666664	43.333333333333336
880	0.0	120.0	100.0	81.70731707317073	56.666666666666664	43.333333333333336
881	0.0	120.0	100.0	81.70731707317073	56.666666666666664	43.333333333333336
882	0.0	120.0	100.0	81.70731707317073	56.666666666666664	43.333333333333336
883	0.0	120.0	100.0	81.70731707317073	56.666666666666664	43.333333333333336
884	0.0	120.0	100.0	81.70731707317073	56.666666666666664	43.333333333333336
885	0.0	120.0	100.0	81.70731707317073	56.666666666666664	43.333333333333336
886	0.0	120.0	100.0	81.70731707317073	56.666666666666664	43.333333333333336
887	0.0	120.0	100.0	81.70731707317073	56.666666666666664	43.333333333333336
888	0.0	120.0	100.0	81.70731707317073	56.666666666666664	43.333333333333336
889	0.0	120.0	100.0	81.70731707317073	56.666666666666664	43.333333333333336
890	0.0	120.0	100.0	81.70731707317073	56.666666666666664	43.333333333333336
891	0.0	120.0	100.0	81.70731707317073	56.666666666666664	43.333333333333336
892	0.0	120.0	100.0	81.70731707317073	56.666666666666664	43.333333333333336
893	0.0	120.0	100.0	81.70731707317073	56.666666666666664	43.333333333333336
894	0.0	120.0	100.0	81.70731707317073	56.666666666666664	43.333333333333336
895	0.0	120.0	100.0	81.70731707317073	56.666666666666664	43.333333333333336
896	0.0	120.0	100.0	81.70731707317073	56.666666666666664	43.333333333333336
897	0.0	120.0	100.0	81.70731707317073	56.666666666666664	43.333333333333336
898	0.0	120.0	100.0	81.70731707317073	56.666666666666664	43.333333333333336
899	0.0	120.0	100.0	81.70731707317073	56.666666666666664	43.333333333333336
900	0.0	120.0	100.0	81.70731707317073	56.666666666666664	43.333333333333336
901	0.0	120.0	100.0	81.70731707317073	56.666666666666664	43.333333333333336
902	0.0	120.0	100.0	81.70731707317073	56.666666666666664	43.333333333333336
903	0.0	120.0	100.0	81.70731707317073	56.666666666666664	43.333333333333336
904	0.0	120.0	100.0	81.70731707317073	56.666666666666664	43.333333333333336
905	0.0	120.0	100.0	81.70731707317073	56.666666666666664	43.333333333333336
906	0.0	120.0	100.0	81.70731707317073	56.666666666666664	43.333333333333336
907	0.0	120.0	100.0	81.70731707317073	56.666666666666664	43.333333333333336
908	0.0	120.0	100.0	81.70731707317073	56.666666666666664	43.333333333333336
909	0.0	120.0	100.0	81.70731707317073	56.666666666666664	43.333333333333336
910	0.0	120.0	100.0	81.70731707317073	56.666666666666664	43.333333333333336
911	0.0	120.0	100.0	81.70731707317073	56.666666666666664	43.333333333333336
912	0.0	120.0	100.0	81.70731707317073	56.666666666666664	43.333333333333336
913	0.0	120.0	100.0	81.70731707317073	56.666666666666664	43.333333333333336
914	0.0	120.0	100.0	81.70731707317073	56.666666666666664	43.333333333333336
915	0.0	120.0	100.0	81.70731707317073	56.666666666666664	43.333333333333336
916	0.0	120.0	100.0	81.70731707317073	56.666666666666664	43.333333333333336
917	0.0	120.0	100.0	81.70731707317073	56.666666666666664	43.333333333333336
918	0.0	120.0	100.0	81.70731707317073	56.666666666666664	43.333333333333336
919	0.0	120.0	100.0	81.70731707317073	56.666666666666664	43.333333333333336
920	0.0	120.0	100.0	81.70731707317073	56.666666666666664	43.333333333333336
921	0.0	120.0	100.0	81.70731707317073	56.666666666666664	43.333333333333336
922	0.0	120.0	100.0	81.70731707317073	56.666666666666664	43.333333333333336
923	0.0	120.0	100.0	81.70731707317073	56.666666666666664	43.333333333333336
924	0.0	120.0	100.0	81.70731707317073	56.666666666666664	43.333333333333336
925	0.0	120.0	100.0	81.70731707317073	56.666666666666664	43.333333333333336
926	0.0	120.0	100.0	81.70731707317073	56.666666666666664	43.333333333333336
927	0.0	120.0	100.0	81.70731707317073	56.666666666666664	43.333333333333336
928	0.0	120.0	100.0	81.70731707317073	56.666666666666664	43.333333333333336
929	0.0	120.0	100.0	81.70731707317073	56.666666666666664	43.333333333333336
930	0.0	120.0	100.0	81.70731707317073	56.666666666666664	43.333333333333336
931	0.0	120.0	100.0	81.70731707317073	56.666666666666664	43.333333333333336
932	0.0	120.0	100.0	81.70731707317073	56.666666666666664	43.333333333333336
933	0.0	120.0	100.0	81.70731707317073	56.666666666666664	43.333333333333336
934	0.0	120.0	100.0	81.70731707317073	56.666666666666664	43.333333333333336
935	0.0	120.0	100.0	81.70731707317073	56.666666666666664	43.333333333333336
936	0.0	120.0	100.0	81.70731707317073	56.666666666666664	43.333333333333336
937	0.0	120.0	100.0	81.70731707317073	56.666666666666664	43.333333333333336
938	0.0	120.0	100.0	81.70731707317073	56.666666666666664	43.333333333333336
939	0.0	120.0	100.0	81.70731707317073	56.666666666666664	43.333333333333336
940	0.0	120.0	100.0	81.70731707317073	56.666666666666664	43.333333333333336
941	0.0	120.0	100.0	81.70731707317073	56.666666666666664	43.333333333333336
942	0.0	120.0	100.0	81.70731707317073	56.666666666666664	43.333333333333336
943	0.0	120.0	100.0	81.70731707317073	56.666666666666664	43.333333333333336
944	0.0	120.0	100.0	81.70731707317073	56.666666666666664	43.333333333333336
945	0.0	120.0	100.0	81.70731707317073	56.666666666666664	43.333333333333336
946	0.0	120.0	100.0	81.70731707317073	56.666666666666664	43.333333333333336
947	0.0	120.0	100.0	81.70731707317073	56.666666666666664	43.333333333333336
948	0.0	120.0	100.0	81.70731707317073	56.666666666666664	43.333333333333336
949	0.0	120.0	100.0	81.70731707317073	56.666666666666664	43.333333333333336
950	0.0	120.0	100.0	81.70731707317073	56.666666666666664	43.333333333333336
951	0.0	120.0	100.0	81.70731707317073	56.666666666666664	43.333333333333336
952	0.0	120.0	100.0	81.70731707317073	56.666666666666664	43.333333333333336
953	0.0	120.0	100.0	81.70731707317073	56.666666666666664	43.333333333333336
954	0.0	120.0	100.0	81.70731707317073	56.666666666666664	43.333333333333336
955	0.0	120.0	100.0	81.70731707317073	56.666666666666664	43.333333333333336
956	0.0	120.0	100.0	81.70731707317073	56.666666666666664	43.333333333333336
957	0.0	120.0	100.0	81.70731707317073	56.666666666666664	43.333333333333336
958	0.0	120.0	100.0	81.70731707317073	56.666666666666664	43.333333333333336
959	0.0	120.0	100.0	81.70731707317073	56.666666666666664	43.333333333333336
960	0.0	120.0	100.0	81.70731707317073	56.666666666666664	43.333333333333336
961	0.0	120.0	100.0	81.70731707317073	56.666666666666664	43.333333333333336
962	0.0	120.0	100.0	81.70731707317073	56.666666666666664	43.333333333333336
963	0.0	120.0	100.0	81.70731707317073	56.666666666666664	43.333333333333336
964	0.0	120.0	100.0	81.70731707317073	56.666666666666664	43.333333333333336
965	0.0	120.0	100.0	81.70731707317073	56.666666666666664	43.333333333333336
966	0.0	120.0	100.0	81.70731707317073	56.666666666666664	43.333333333333336
967	0.0	120.0	100.0	81.70731707317073	56.666666666666664	43.333333333333336
968	0.0	120.0	100.0	81.70731707317073	56.666666666666664	43.333333333333336
969	0.0	120.0	100.0	81.70731707317073	56.666666666666664	43.333333333333336
970	0.0	120.0	100.0	81.70731707317073	56.666666666666664	43.333333333333336
971	0.0	120.0	100.0	81.70731707317073	56.666666666666664	43.333333333333336
972	0.0	120.0	100.0	81.70731707317073	56.666666666666664	43.333333333333336
973	0.0	120.0	100.0	81.70731707317073	56.666666666666664	43.333333333333336
974	0.0	120.0	100.0	81.70731707317073	56.666666666666664	43.333333333333336
975	0.0	120.0	100.0	81.70731707317073	56.666666666666664	43.333333333333336
976	0.0	120.0	100.0	81.70731707317073	56.666666666666664	43.333333333333336
977	0.0	120.0	100.0	81.70731707317073	56.666666666666664	43.333333333333336
978	0.0	120.0	100.0	81.70731707317073	56.666666666666664	43.333333333333336
979	0.0	120.0	100.0	81.70731707317073	56.666666666666664	43.333333333333336
980	0.0	120.0	100.0	81.70731707317073	56.666666666666664	43.333333333333336
981	0.0	120.0	100.0	81.70731707317073	56.666666666666664	43.333333333333336
982	0.0	120.0	100.0	81.70731707317073	56.666666666666664	43.333333333333336
983	0.0	120.0	100.0	81.70731707317073	56.666666666666664	43.333333333333336
984	0.0	120.0	100.0	81.70731707317073	56.666666666666664	43.333333333333336
985	0.0	120.0	100.0	81.70731707317073	56.666666666666664	43.333333333333336
986	0.0	120.0	100.0	81.70731707317073	56.666666666666664	43.333333333333336
987	0.0	120.0	100.0	81.70731707317073	56.666666666666664	43.333333333333336
988	0.0	120.0	100.0	81.70731707317073	56.666666666666664	43.333333333333336
989	0.0	120.0	100.0	81.70731707317073	56.666666666666664	43.333333333333336
990	0.0	120.0	100.0	81.70731707317073	56.666666666666664	43.333333333333336
991	0.0	120.0	100.0	81.70731707317073	56.666666666666664	43.333333333333336
992	0.0	120.0	100.0	81.70731707317073	56.666666666666664	43.333333333333336
993	0.0	120.0	100.0	81.70731707317073	56.666666666666664	43.333333333333336
994	0.0	120.0	100.0	81.70731707317073	56.666666666666664	43.333333333333336
995	0.0	120.0	100.0	81.70731707317073	56.666666666666664	43.333333333333336
996	0.0	120.0	100.0	81.70731707317073	56.666666666666664	43.333333333333336
997	0.0	120.0	100.0	81.70731707317073	56.666666666666664	43.333333333333336
998	0.0	120.0	100.0	81.70731707317073	56.666666666666664	43.333333333333336
999	0.0	120.0	100.0	81.70731707317073	56.666666666666664	43.333333333333336
