0	432.0	340.0	56.09756097560976	48.170731707317074	77.64705882352942	22.35294117647059
1	412.0	308.0	58.13008130081301	53.04878048780488	64.93506493506493	35.064935064935064
2	412.0	284.0	58.13008130081301	56.70731707317073	70.4225352112676	29.577464788732392
3	464.0	364.0	52.84552845528455	44.51219512195122	95.6043956043956	4.395604395604396
4	448.0	352.0	54.47154471544715	46.34146341463415	97.72727272727273	2.272727272727273
5	492.0	288.0	50.0	56.09756097560976	0.0	100.0
6	368.0	284.0	62.601626016260155	56.70731707317073	57.74647887323944	42.25352112676056
7	492.0	368.0	50.0	43.90243902439025	100.0	0.0
8	364.0	292.0	63.00813008130082	55.487804878048784	63.013698630136986	36.986301369863014
9	492.0	288.0	50.0	56.09756097560976	0.0	100.0
10	372.0	312.0	62.19512195121951	52.4390243902439	66.66666666666666	33.33333333333333
11	388.0	252.0	60.56910569105691	61.58536585365854	19.047619047619047	80.95238095238095
12	492.0	288.0	50.0	56.09756097560976	0.0	100.0
13	340.0	232.0	65.4471544715447	64.63414634146342	58.620689655172406	41.37931034482759
14	356.0	236.0	63.82113821138211	64.02439024390245	59.32203389830508	40.67796610169492
15	468.0	352.0	52.4390243902439	46.34146341463415	98.86363636363636	1.1363636363636365
16	492.0	372.0	50.0	43.292682926829265	98.9247311827957	1.0752688172043012
17	328.0	260.0	66.66666666666666	60.36585365853659	60.0	40.0
18	484.0	288.0	50.81300813008131	56.09756097560976	0.0	100.0
19	352.0	244.0	64.22764227642277	62.80487804878049	65.57377049180327	34.42622950819672
20	488.0	372.0	50.40650406504065	43.292682926829265	98.9247311827957	1.0752688172043012
21	352.0	240.0	64.22764227642277	63.41463414634146	65.0	35.0
22	368.0	248.0	62.601626016260155	62.19512195121951	80.64516129032258	19.35483870967742
23	308.0	220.0	68.69918699186992	66.46341463414635	54.54545454545454	45.45454545454545
24	332.0	200.0	66.26016260162602	69.51219512195121	36.0	64.0
25	376.0	268.0	61.78861788617886	59.14634146341463	82.08955223880598	17.91044776119403
26	324.0	200.0	67.07317073170732	69.51219512195121	26.0	74.0
27	320.0	200.0	67.47967479674797	69.51219512195121	34.0	66.0
28	316.0	216.0	67.88617886178862	67.07317073170732	33.33333333333333	66.66666666666666
29	328.0	212.0	66.66666666666666	67.6829268292683	30.18867924528302	69.81132075471697
30	460.0	352.0	53.2520325203252	46.34146341463415	95.45454545454545	4.545454545454546
31	332.0	208.0	66.26016260162602	68.29268292682927	23.076923076923077	76.92307692307693
32	384.0	256.0	60.97560975609756	60.97560975609756	84.375	15.625
33	364.0	236.0	63.00813008130082	64.02439024390245	18.64406779661017	81.35593220338984
34	476.0	356.0	51.6260162601626	45.73170731707317	98.87640449438202	1.1235955056179776
35	316.0	224.0	67.88617886178862	65.85365853658537	64.28571428571429	35.714285714285715
36	424.0	272.0	56.91056910569105	58.536585365853654	1.4705882352941175	98.52941176470588
37	416.0	272.0	57.72357723577236	58.536585365853654	8.823529411764707	91.17647058823529
38	488.0	288.0	50.40650406504065	56.09756097560976	0.0	100.0
39	440.0	320.0	55.28455284552846	51.21951219512195	95.0	5.0
40	444.0	340.0	54.87804878048781	48.170731707317074	96.47058823529412	3.5294117647058822
41	468.0	348.0	52.4390243902439	46.95121951219512	98.85057471264368	1.1494252873563218
42	420.0	272.0	57.3170731707317	58.536585365853654	5.88235294117647	94.11764705882352
43	340.0	224.0	65.4471544715447	65.85365853658537	19.642857142857142	80.35714285714286
44	348.0	236.0	64.63414634146342	64.02439024390245	13.559322033898304	86.4406779661017
45	488.0	288.0	50.40650406504065	56.09756097560976	0.0	100.0
46	384.0	268.0	60.97560975609756	59.14634146341463	91.04477611940298	8.955223880597014
47	476.0	352.0	51.6260162601626	46.34146341463415	98.86363636363636	1.1363636363636365
48	324.0	240.0	67.07317073170732	63.41463414634146	68.33333333333333	31.666666666666664
49	380.0	224.0	61.382113821138205	65.85365853658537	12.5	87.5
50	404.0	324.0	58.94308943089431	50.609756097560975	91.35802469135803	8.641975308641975
51	424.0	336.0	56.91056910569105	48.78048780487805	97.61904761904762	2.380952380952381
52	408.0	268.0	58.536585365853654	59.14634146341463	2.9850746268656714	97.01492537313433
53	320.0	212.0	67.47967479674797	67.6829268292683	60.37735849056604	39.62264150943396
54	416.0	276.0	57.72357723577236	57.92682926829268	5.797101449275362	94.20289855072464
55	380.0	292.0	61.382113821138205	55.487804878048784	87.67123287671232	12.32876712328767
56	324.0	200.0	67.07317073170732	69.51219512195121	30.0	70.0
57	488.0	288.0	50.40650406504065	56.09756097560976	0.0	100.0
58	396.0	284.0	59.756097560975604	56.70731707317073	87.32394366197182	12.676056338028168
59	364.0	244.0	63.00813008130082	62.80487804878049	13.114754098360656	86.88524590163934
60	480.0	360.0	51.21951219512195	45.1219512195122	98.88888888888889	1.1111111111111112
61	396.0	288.0	59.756097560975604	56.09756097560976	90.27777777777779	9.722222222222223
62	428.0	288.0	56.50406504065041	56.09756097560976	91.66666666666666	8.333333333333332
63	412.0	316.0	58.13008130081301	51.829268292682926	97.46835443037975	2.5316455696202533
64	304.0	208.0	69.10569105691057	68.29268292682927	36.53846153846153	63.46153846153846
65	328.0	204.0	66.66666666666666	68.90243902439023	49.01960784313725	50.98039215686274
66	308.0	220.0	68.69918699186992	66.46341463414635	47.27272727272727	52.72727272727272
67	324.0	196.0	67.07317073170732	70.1219512195122	24.489795918367346	75.51020408163265
68	324.0	208.0	67.07317073170732	68.29268292682927	76.92307692307693	23.076923076923077
69	340.0	272.0	65.4471544715447	58.536585365853654	83.82352941176471	16.176470588235293
70	372.0	212.0	62.19512195121951	67.6829268292683	9.433962264150944	90.56603773584906
71	304.0	216.0	69.10569105691057	67.07317073170732	66.66666666666666	33.33333333333333
72	296.0	216.0	69.91869918699187	67.07317073170732	48.148148148148145	51.85185185185185
73	360.0	256.0	63.41463414634146	60.97560975609756	9.375	90.625
74	324.0	236.0	67.07317073170732	64.02439024390245	37.28813559322034	62.71186440677966
75	316.0	196.0	67.88617886178862	70.1219512195122	32.6530612244898	67.3469387755102
76	484.0	288.0	50.81300813008131	56.09756097560976	0.0	100.0
77	308.0	220.0	68.69918699186992	66.46341463414635	63.63636363636363	36.36363636363637
78	300.0	200.0	69.51219512195121	69.51219512195121	40.0	60.0
79	368.0	244.0	62.601626016260155	62.80487804878049	9.836065573770492	90.1639344262295
80	336.0	216.0	65.85365853658537	67.07317073170732	14.814814814814813	85.18518518518519
81	388.0	312.0	60.56910569105691	52.4390243902439	93.58974358974359	6.41025641025641
82	332.0	272.0	66.26016260162602	58.536585365853654	83.82352941176471	16.176470588235293
83	484.0	288.0	50.81300813008131	56.09756097560976	0.0	100.0
84	328.0	236.0	66.66666666666666	64.02439024390245	83.05084745762711	16.94915254237288
85	308.0	188.0	68.69918699186992	71.34146341463415	21.27659574468085	78.72340425531915
86	316.0	232.0	67.88617886178862	64.63414634146342	79.3103448275862	20.689655172413794
87	356.0	212.0	63.82113821138211	67.6829268292683	13.20754716981132	86.79245283018868
88	420.0	260.0	57.3170731707317	60.36585365853659	1.5384615384615385	98.46153846153847
89	308.0	196.0	68.69918699186992	70.1219512195122	38.775510204081634	61.224489795918366
90	336.0	244.0	65.85365853658537	62.80487804878049	78.68852459016394	21.311475409836063
91	476.0	356.0	51.6260162601626	45.73170731707317	98.87640449438202	1.1235955056179776
92	348.0	240.0	64.63414634146342	63.41463414634146	31.666666666666664	68.33333333333333
93	384.0	308.0	60.97560975609756	53.04878048780488	96.1038961038961	3.896103896103896
94	320.0	212.0	67.47967479674797	67.6829268292683	67.9245283018868	32.075471698113205
95	344.0	228.0	65.04065040650406	65.2439024390244	14.035087719298245	85.96491228070175
96	320.0	204.0	67.47967479674797	68.90243902439023	15.686274509803921	84.31372549019608
97	348.0	228.0	64.63414634146342	65.2439024390244	80.7017543859649	19.298245614035086
98	472.0	356.0	52.03252032520326	45.73170731707317	98.87640449438202	1.1235955056179776
99	352.0	228.0	64.22764227642277	65.2439024390244	84.21052631578947	15.789473684210526
100	320.0	224.0	67.47967479674797	65.85365853658537	17.857142857142858	82.14285714285714
101	484.0	288.0	50.81300813008131	56.09756097560976	0.0	100.0
102	316.0	196.0	67.88617886178862	70.1219512195122	26.53061224489796	73.46938775510205
103	468.0	344.0	52.4390243902439	47.5609756097561	98.83720930232558	1.1627906976744187
104	464.0	348.0	52.84552845528455	46.95121951219512	98.85057471264368	1.1494252873563218
105	328.0	248.0	66.66666666666666	62.19512195121951	74.19354838709677	25.806451612903224
106	416.0	332.0	57.72357723577236	49.390243902439025	95.18072289156626	4.819277108433735
107	296.0	188.0	69.91869918699187	71.34146341463415	34.04255319148936	65.95744680851064
108	300.0	240.0	69.51219512195121	63.41463414634146	78.33333333333333	21.666666666666668
109	340.0	284.0	65.4471544715447	56.70731707317073	84.50704225352112	15.492957746478872
110	488.0	284.0	50.40650406504065	56.70731707317073	0.0	100.0
111	476.0	372.0	51.6260162601626	43.292682926829265	98.9247311827957	1.0752688172043012
112	288.0	240.0	70.73170731707317	63.41463414634146	73.33333333333333	26.666666666666668
113	308.0	216.0	68.69918699186992	67.07317073170732	64.81481481481481	35.18518518518518
114	316.0	204.0	67.88617886178862	68.90243902439023	27.450980392156865	72.54901960784314
115	284.0	220.0	71.13821138211382	66.46341463414635	50.90909090909091	49.09090909090909
116	304.0	200.0	69.10569105691057	69.51219512195121	70.0	30.0
117	464.0	284.0	52.84552845528455	56.70731707317073	1.4084507042253522	98.59154929577466
118	444.0	344.0	54.87804878048781	47.5609756097561	98.83720930232558	1.1627906976744187
119	344.0	260.0	65.04065040650406	60.36585365853659	73.84615384615385	26.153846153846157
120	360.0	296.0	63.41463414634146	54.87804878048781	89.1891891891892	10.81081081081081
121	336.0	232.0	65.85365853658537	64.63414634146342	75.86206896551724	24.137931034482758
122	324.0	232.0	67.07317073170732	64.63414634146342	81.03448275862068	18.96551724137931
123	448.0	324.0	54.47154471544715	50.609756097560975	96.29629629629629	3.7037037037037033
124	300.0	196.0	69.51219512195121	70.1219512195122	51.02040816326531	48.97959183673469
125	300.0	208.0	69.51219512195121	68.29268292682927	69.23076923076923	30.76923076923077
126	348.0	284.0	64.63414634146342	56.70731707317073	87.32394366197182	12.676056338028168
127	288.0	228.0	70.73170731707317	65.2439024390244	78.94736842105263	21.052631578947366
128	416.0	252.0	57.72357723577236	61.58536585365854	1.5873015873015872	98.4126984126984
129	356.0	268.0	63.82113821138211	59.14634146341463	80.59701492537313	19.402985074626866
130	292.0	200.0	70.32520325203252	69.51219512195121	62.0	38.0
131	444.0	340.0	54.87804878048781	48.170731707317074	98.82352941176471	1.1764705882352942
132	332.0	216.0	66.26016260162602	67.07317073170732	18.51851851851852	81.48148148148148
133	304.0	204.0	69.10569105691057	68.90243902439023	47.05882352941176	52.94117647058824
134	288.0	232.0	70.73170731707317	64.63414634146342	68.96551724137932	31.03448275862069
135	300.0	204.0	69.51219512195121	68.90243902439023	41.17647058823529	58.82352941176471
136	344.0	304.0	65.04065040650406	53.65853658536586	85.52631578947368	14.473684210526317
137	436.0	340.0	55.6910569105691	48.170731707317074	97.6470588235294	2.3529411764705883
138	436.0	336.0	55.6910569105691	48.78048780487805	96.42857142857143	3.571428571428571
139	300.0	180.0	69.51219512195121	72.5609756097561	33.33333333333333	66.66666666666666
140	492.0	288.0	50.0	56.09756097560976	0.0	100.0
141	288.0	184.0	70.73170731707317	71.95121951219512	26.08695652173913	73.91304347826086
142	332.0	200.0	66.26016260162602	69.51219512195121	68.0	32.0
143	284.0	196.0	71.13821138211382	70.1219512195122	51.02040816326531	48.97959183673469
144	488.0	288.0	50.40650406504065	56.09756097560976	0.0	100.0
145	300.0	200.0	69.51219512195121	69.51219512195121	54.0	46.0
146	284.0	200.0	71.13821138211382	69.51219512195121	54.0	46.0
147	488.0	288.0	50.40650406504065	56.09756097560976	0.0	100.0
148	328.0	220.0	66.66666666666666	66.46341463414635	34.54545454545455	65.45454545454545
149	392.0	300.0	60.16260162601627	54.268292682926834	94.66666666666667	5.333333333333334
150	304.0	192.0	69.10569105691057	70.73170731707317	45.83333333333333	54.166666666666664
151	448.0	272.0	54.47154471544715	58.536585365853654	0.0	100.0
152	388.0	324.0	60.56910569105691	50.609756097560975	93.82716049382715	6.172839506172839
153	292.0	212.0	70.32520325203252	67.6829268292683	73.58490566037736	26.41509433962264
154	400.0	236.0	59.34959349593496	64.02439024390245	3.389830508474576	96.61016949152543
155	436.0	340.0	55.6910569105691	48.170731707317074	96.47058823529412	3.5294117647058822
156	436.0	340.0	55.6910569105691	48.170731707317074	97.6470588235294	2.3529411764705883
157	288.0	236.0	70.73170731707317	64.02439024390245	79.66101694915254	20.33898305084746
158	284.0	224.0	71.13821138211382	65.85365853658537	75.0	25.0
159	484.0	276.0	50.81300813008131	57.92682926829268	0.0	100.0
160	340.0	224.0	65.4471544715447	65.85365853658537	10.714285714285714	89.28571428571429
161	272.0	208.0	72.35772357723577	68.29268292682927	59.61538461538461	40.38461538461539
162	340.0	224.0	65.4471544715447	65.85365853658537	32.142857142857146	67.85714285714286
163	316.0	212.0	67.88617886178862	67.6829268292683	18.867924528301888	81.13207547169812
164	468.0	272.0	52.4390243902439	58.536585365853654	0.0	100.0
165	408.0	328.0	58.536585365853654	50.0	95.1219512195122	4.878048780487805
166	388.0	248.0	60.56910569105691	62.19512195121951	4.838709677419355	95.16129032258065
167	484.0	284.0	50.81300813008131	56.70731707317073	0.0	100.0
168	340.0	252.0	65.4471544715447	61.58536585365854	87.3015873015873	12.698412698412698
169	492.0	372.0	50.0	43.292682926829265	98.9247311827957	1.0752688172043012
170	488.0	280.0	50.40650406504065	57.3170731707317	0.0	100.0
171	320.0	196.0	67.47967479674797	70.1219512195122	14.285714285714285	85.71428571428571
172	356.0	228.0	63.82113821138211	65.2439024390244	7.017543859649122	92.98245614035088
173	308.0	244.0	68.69918699186992	62.80487804878049	72.1311475409836	27.86885245901639
174	300.0	196.0	69.51219512195121	70.1219512195122	40.816326530612244	59.183673469387756
175	336.0	276.0	65.85365853658537	57.92682926829268	88.40579710144928	11.594202898550725
176	312.0	196.0	68.29268292682927	70.1219512195122	53.06122448979592	46.93877551020408
177	460.0	352.0	53.2520325203252	46.34146341463415	98.86363636363636	1.1363636363636365
178	280.0	208.0	71.54471544715447	68.29268292682927	71.15384615384616	28.846153846153843
179	288.0	184.0	70.73170731707317	71.95121951219512	28.26086956521739	71.73913043478261
180	296.0	224.0	69.91869918699187	65.85365853658537	73.21428571428571	26.785714285714285
181	384.0	324.0	60.97560975609756	50.609756097560975	93.82716049382715	6.172839506172839
182	300.0	204.0	69.51219512195121	68.90243902439023	49.01960784313725	50.98039215686274
183	352.0	292.0	64.22764227642277	55.487804878048784	90.41095890410958	9.58904109589041
184	284.0	212.0	71.13821138211382	67.6829268292683	58.490566037735846	41.509433962264154
185	320.0	220.0	67.47967479674797	66.46341463414635	76.36363636363637	23.636363636363637
186	320.0	184.0	67.47967479674797	71.95121951219512	13.043478260869565	86.95652173913044
187	356.0	224.0	63.82113821138211	65.85365853658537	8.928571428571429	91.07142857142857
188	440.0	324.0	55.28455284552846	50.609756097560975	95.06172839506173	4.938271604938271
189	308.0	208.0	68.69918699186992	68.29268292682927	17.307692307692307	82.6923076923077
190	412.0	236.0	58.13008130081301	64.02439024390245	0.0	100.0
191	388.0	228.0	60.56910569105691	65.2439024390244	7.017543859649122	92.98245614035088
192	404.0	244.0	58.94308943089431	62.80487804878049	3.278688524590164	96.72131147540983
193	292.0	184.0	70.32520325203252	71.95121951219512	43.47826086956522	56.52173913043478
194	272.0	224.0	72.35772357723577	65.85365853658537	67.85714285714286	32.142857142857146
195	296.0	244.0	69.91869918699187	62.80487804878049	80.32786885245902	19.672131147540984
196	368.0	228.0	62.601626016260155	65.2439024390244	14.035087719298245	85.96491228070175
197	316.0	248.0	67.88617886178862	62.19512195121951	85.48387096774194	14.516129032258066
198	284.0	184.0	71.13821138211382	71.95121951219512	32.608695652173914	67.3913043478261
199	420.0	244.0	57.3170731707317	62.80487804878049	0.0	100.0
200	276.0	212.0	71.95121951219512	67.6829268292683	62.264150943396224	37.735849056603776
201	284.0	212.0	71.13821138211382	67.6829268292683	67.9245283018868	32.075471698113205
202	300.0	188.0	69.51219512195121	71.34146341463415	44.680851063829785	55.319148936170215
203	316.0	184.0	67.88617886178862	71.95121951219512	15.217391304347828	84.78260869565217
204	340.0	244.0	65.4471544715447	62.80487804878049	85.24590163934425	14.754098360655737
205	296.0	192.0	69.91869918699187	70.73170731707317	43.75	56.25
206	372.0	220.0	62.19512195121951	66.46341463414635	3.6363636363636362	96.36363636363636
207	396.0	236.0	59.756097560975604	64.02439024390245	3.389830508474576	96.61016949152543
208	276.0	212.0	71.95121951219512	67.6829268292683	73.58490566037736	26.41509433962264
209	340.0	232.0	65.4471544715447	64.63414634146342	84.48275862068965	15.517241379310345
210	332.0	216.0	66.26016260162602	67.07317073170732	79.62962962962963	20.37037037037037
211	360.0	300.0	63.41463414634146	54.268292682926834	90.66666666666666	9.333333333333334
212	280.0	192.0	71.54471544715447	70.73170731707317	56.25	43.75
213	436.0	268.0	55.6910569105691	59.14634146341463	1.4925373134328357	98.50746268656717
214	468.0	348.0	52.4390243902439	46.95121951219512	98.85057471264368	1.1494252873563218
215	468.0	356.0	52.4390243902439	45.73170731707317	98.87640449438202	1.1235955056179776
216	432.0	268.0	56.09756097560976	59.14634146341463	1.4925373134328357	98.50746268656717
217	292.0	176.0	70.32520325203252	73.17073170731707	31.818181818181817	68.18181818181817
218	488.0	288.0	50.40650406504065	56.09756097560976	0.0	100.0
219	292.0	204.0	70.32520325203252	68.90243902439023	54.90196078431373	45.09803921568628
220	288.0	180.0	70.73170731707317	72.5609756097561	24.444444444444443	75.55555555555556
221	324.0	244.0	67.07317073170732	62.80487804878049	88.52459016393442	11.475409836065573
222	376.0	292.0	61.78861788617886	55.487804878048784	93.15068493150685	6.8493150684931505
223	276.0	188.0	71.95121951219512	71.34146341463415	36.17021276595745	63.829787234042556
224	344.0	228.0	65.04065040650406	65.2439024390244	7.017543859649122	92.98245614035088
225	388.0	300.0	60.56910569105691	54.268292682926834	93.33333333333333	6.666666666666667
226	296.0	208.0	69.91869918699187	68.29268292682927	28.846153846153843	71.15384615384616
227	284.0	176.0	71.13821138211382	73.17073170731707	25.0	75.0
228	432.0	332.0	56.09756097560976	49.390243902439025	96.3855421686747	3.614457831325301
229	296.0	184.0	69.91869918699187	71.95121951219512	41.30434782608695	58.69565217391305
230	276.0	216.0	71.95121951219512	67.07317073170732	61.111111111111114	38.88888888888889
231	304.0	236.0	69.10569105691057	64.02439024390245	84.7457627118644	15.254237288135593
232	376.0	236.0	61.78861788617886	64.02439024390245	3.389830508474576	96.61016949152543
233	288.0	216.0	70.73170731707317	67.07317073170732	79.62962962962963	20.37037037037037
234	336.0	216.0	65.85365853658537	67.07317073170732	9.25925925925926	90.74074074074075
235	300.0	180.0	69.51219512195121	72.5609756097561	22.22222222222222	77.77777777777779
236	348.0	220.0	64.63414634146342	66.46341463414635	9.090909090909092	90.9090909090909
237	328.0	204.0	66.66666666666666	68.90243902439023	11.76470588235294	88.23529411764706
238	440.0	272.0	55.28455284552846	58.536585365853654	2.941176470588235	97.05882352941177
239	288.0	212.0	70.73170731707317	67.6829268292683	73.58490566037736	26.41509433962264
240	336.0	276.0	65.85365853658537	57.92682926829268	84.05797101449275	15.942028985507244
241	280.0	188.0	71.54471544715447	71.34146341463415	38.297872340425535	61.702127659574465
242	304.0	200.0	69.10569105691057	69.51219512195121	16.0	84.0
243	300.0	180.0	69.51219512195121	72.5609756097561	26.666666666666668	73.33333333333333
244	280.0	180.0	71.54471544715447	72.5609756097561	35.55555555555556	64.44444444444444
245	280.0	212.0	71.54471544715447	67.6829268292683	54.71698113207547	45.28301886792453
246	304.0	212.0	69.10569105691057	67.6829268292683	43.39622641509434	56.60377358490566
247	308.0	196.0	68.69918699186992	70.1219512195122	22.448979591836736	77.55102040816327
248	280.0	192.0	71.54471544715447	70.73170731707317	64.58333333333334	35.41666666666667
249	388.0	320.0	60.56910569105691	51.21951219512195	92.5	7.5
250	272.0	208.0	72.35772357723577	68.29268292682927	59.61538461538461	40.38461538461539
251	428.0	328.0	56.50406504065041	50.0	96.34146341463415	3.6585365853658534
252	276.0	192.0	71.95121951219512	70.73170731707317	56.25	43.75
253	288.0	252.0	70.73170731707317	61.58536585365854	82.53968253968253	17.46031746031746
254	332.0	272.0	66.26016260162602	58.536585365853654	88.23529411764706	11.76470588235294
255	292.0	196.0	70.32520325203252	70.1219512195122	59.183673469387756	40.816326530612244
256	284.0	180.0	71.13821138211382	72.5609756097561	26.666666666666668	73.33333333333333
257	328.0	216.0	66.66666666666666	67.07317073170732	7.4074074074074066	92.5925925925926
258	484.0	288.0	50.81300813008131	56.09756097560976	0.0	100.0
259	440.0	264.0	55.28455284552846	59.756097560975604	0.0	100.0
260	312.0	224.0	68.29268292682927	65.85365853658537	85.71428571428571	14.285714285714285
261	356.0	224.0	63.82113821138211	65.85365853658537	14.285714285714285	85.71428571428571
262	288.0	172.0	70.73170731707317	73.78048780487805	37.2093023255814	62.7906976744186
263	300.0	184.0	69.51219512195121	71.95121951219512	28.26086956521739	71.73913043478261
264	300.0	200.0	69.51219512195121	69.51219512195121	44.0	56.00000000000001
265	304.0	220.0	69.10569105691057	66.46341463414635	78.18181818181819	21.818181818181817
266	340.0	228.0	65.4471544715447	65.2439024390244	19.298245614035086	80.7017543859649
267	260.0	212.0	73.57723577235772	67.6829268292683	66.0377358490566	33.9622641509434
268	292.0	216.0	70.32520325203252	67.07317073170732	22.22222222222222	77.77777777777779
269	408.0	236.0	58.536585365853654	64.02439024390245	1.694915254237288	98.30508474576271
270	292.0	204.0	70.32520325203252	68.90243902439023	54.90196078431373	45.09803921568628
271	280.0	176.0	71.54471544715447	73.17073170731707	31.818181818181817	68.18181818181817
272	340.0	252.0	65.4471544715447	61.58536585365854	85.71428571428571	14.285714285714285
273	332.0	228.0	66.26016260162602	65.2439024390244	80.7017543859649	19.298245614035086
274	276.0	216.0	71.95121951219512	67.07317073170732	59.25925925925925	40.74074074074074
275	344.0	232.0	65.04065040650406	64.63414634146342	81.03448275862068	18.96551724137931
276	288.0	228.0	70.73170731707317	65.2439024390244	64.91228070175438	35.08771929824561
277	316.0	220.0	67.88617886178862	66.46341463414635	78.18181818181819	21.818181818181817
278	304.0	212.0	69.10569105691057	67.6829268292683	22.641509433962266	77.35849056603774
279	344.0	264.0	65.04065040650406	59.756097560975604	87.87878787878788	12.121212121212121
280	272.0	180.0	72.35772357723577	72.5609756097561	33.33333333333333	66.66666666666666
281	292.0	192.0	70.32520325203252	70.73170731707317	47.91666666666667	52.083333333333336
282	368.0	220.0	62.601626016260155	66.46341463414635	7.2727272727272725	92.72727272727272
283	276.0	184.0	71.95121951219512	71.95121951219512	54.347826086956516	45.65217391304348
284	296.0	200.0	69.91869918699187	69.51219512195121	68.0	32.0
285	316.0	204.0	67.88617886178862	68.90243902439023	60.78431372549019	39.21568627450981
286	372.0	284.0	62.19512195121951	56.70731707317073	92.95774647887323	7.042253521126761
287	284.0	172.0	71.13821138211382	73.78048780487805	37.2093023255814	62.7906976744186
288	288.0	204.0	70.73170731707317	68.90243902439023	54.90196078431373	45.09803921568628
289	488.0	288.0	50.40650406504065	56.09756097560976	0.0	100.0
290	488.0	288.0	50.40650406504065	56.09756097560976	0.0	100.0
291	304.0	224.0	69.10569105691057	65.85365853658537	82.14285714285714	17.857142857142858
292	296.0	220.0	69.91869918699187	66.46341463414635	34.54545454545455	65.45454545454545
293	412.0	232.0	58.13008130081301	64.63414634146342	0.0	100.0
294	384.0	232.0	60.97560975609756	64.63414634146342	5.172413793103448	94.82758620689656
295	472.0	268.0	52.03252032520326	59.14634146341463	0.0	100.0
296	444.0	268.0	54.87804878048781	59.14634146341463	1.4925373134328357	98.50746268656717
297	276.0	212.0	71.95121951219512	67.6829268292683	69.81132075471697	30.18867924528302
298	372.0	308.0	62.19512195121951	53.04878048780488	92.20779220779221	7.792207792207792
299	364.0	232.0	63.00813008130082	64.63414634146342	5.172413793103448	94.82758620689656
300	344.0	252.0	65.04065040650406	61.58536585365854	87.3015873015873	12.698412698412698
301	448.0	352.0	54.47154471544715	46.34146341463415	96.5909090909091	3.4090909090909087
302	356.0	296.0	63.82113821138211	54.87804878048781	90.54054054054053	9.45945945945946
303	328.0	220.0	66.66666666666666	66.46341463414635	10.909090909090908	89.0909090909091
304	276.0	172.0	71.95121951219512	73.78048780487805	34.883720930232556	65.11627906976744
305	452.0	260.0	54.0650406504065	60.36585365853659	0.0	100.0
306	304.0	200.0	69.10569105691057	69.51219512195121	22.0	78.0
307	280.0	192.0	71.54471544715447	70.73170731707317	52.083333333333336	47.91666666666667
308	276.0	220.0	71.95121951219512	66.46341463414635	76.36363636363637	23.636363636363637
309	284.0	176.0	71.13821138211382	73.17073170731707	34.090909090909086	65.9090909090909
310	284.0	208.0	71.13821138211382	68.29268292682927	73.07692307692307	26.923076923076923
311	276.0	192.0	71.95121951219512	70.73170731707317	52.083333333333336	47.91666666666667
312	300.0	172.0	69.51219512195121	73.78048780487805	32.55813953488372	67.44186046511628
313	336.0	224.0	65.85365853658537	65.85365853658537	10.714285714285714	89.28571428571429
314	276.0	224.0	71.95121951219512	65.85365853658537	80.35714285714286	19.642857142857142
315	272.0	232.0	72.35772357723577	64.63414634146342	79.3103448275862	20.689655172413794
316	280.0	192.0	71.54471544715447	70.73170731707317	54.166666666666664	45.83333333333333
317	344.0	304.0	65.04065040650406	53.65853658536586	89.47368421052632	10.526315789473683
318	272.0	212.0	72.35772357723577	67.6829268292683	37.735849056603776	62.264150943396224
319	292.0	192.0	70.32520325203252	70.73170731707317	25.0	75.0
320	296.0	196.0	69.91869918699187	70.1219512195122	18.367346938775512	81.63265306122449
321	284.0	192.0	71.13821138211382	70.73170731707317	58.333333333333336	41.66666666666667
322	376.0	232.0	61.78861788617886	64.63414634146342	6.896551724137931	93.10344827586206
323	368.0	312.0	62.601626016260155	52.4390243902439	92.3076923076923	7.6923076923076925
324	340.0	260.0	65.4471544715447	60.36585365853659	87.6923076923077	12.307692307692308
325	448.0	264.0	54.47154471544715	59.756097560975604	0.0	100.0
326	284.0	180.0	71.13821138211382	72.5609756097561	44.44444444444444	55.55555555555556
327	308.0	224.0	68.69918699186992	65.85365853658537	83.92857142857143	16.071428571428573
328	312.0	192.0	68.29268292682927	70.73170731707317	14.583333333333334	85.41666666666666
329	336.0	288.0	65.85365853658537	56.09756097560976	88.88888888888889	11.11111111111111
330	444.0	352.0	54.87804878048781	46.34146341463415	96.5909090909091	3.4090909090909087
331	296.0	188.0	69.91869918699187	71.34146341463415	14.893617021276595	85.1063829787234
332	276.0	172.0	71.95121951219512	73.78048780487805	39.53488372093023	60.46511627906976
333	332.0	212.0	66.26016260162602	67.6829268292683	28.30188679245283	71.69811320754717
334	308.0	204.0	68.69918699186992	68.90243902439023	15.686274509803921	84.31372549019608
335	328.0	284.0	66.66666666666666	56.70731707317073	87.32394366197182	12.676056338028168
336	392.0	236.0	60.16260162601627	64.02439024390245	3.389830508474576	96.61016949152543
337	292.0	168.0	70.32520325203252	74.39024390243902	40.476190476190474	59.523809523809526
338	280.0	176.0	71.54471544715447	73.17073170731707	34.090909090909086	65.9090909090909
339	268.0	216.0	72.76422764227642	67.07317073170732	70.37037037037037	29.629629629629626
340	324.0	204.0	67.07317073170732	68.90243902439023	11.76470588235294	88.23529411764706
341	480.0	284.0	51.21951219512195	56.70731707317073	0.0	100.0
342	344.0	244.0	65.04065040650406	62.80487804878049	86.88524590163934	13.114754098360656
343	268.0	184.0	72.76422764227642	71.95121951219512	50.0	50.0
344	444.0	340.0	54.87804878048781	48.170731707317074	96.47058823529412	3.5294117647058822
345	296.0	192.0	69.91869918699187	70.73170731707317	27.083333333333332	72.91666666666666
346	296.0	220.0	69.91869918699187	66.46341463414635	80.0	20.0
347	276.0	208.0	71.95121951219512	68.29268292682927	59.61538461538461	40.38461538461539
348	396.0	300.0	59.756097560975604	54.268292682926834	94.66666666666667	5.333333333333334
349	272.0	212.0	72.35772357723577	67.6829268292683	67.9245283018868	32.075471698113205
350	284.0	232.0	71.13821138211382	64.63414634146342	81.03448275862068	18.96551724137931
351	288.0	192.0	70.73170731707317	70.73170731707317	52.083333333333336	47.91666666666667
352	372.0	316.0	62.19512195121951	51.829268292682926	91.13924050632912	8.860759493670885
353	416.0	248.0	57.72357723577236	62.19512195121951	1.6129032258064515	98.38709677419355
354	436.0	336.0	55.6910569105691	48.78048780487805	95.23809523809523	4.761904761904762
355	284.0	192.0	71.13821138211382	70.73170731707317	45.83333333333333	54.166666666666664
356	280.0	204.0	71.54471544715447	68.90243902439023	43.13725490196079	56.86274509803921
357	316.0	196.0	67.88617886178862	70.1219512195122	12.244897959183673	87.75510204081633
358	288.0	200.0	70.73170731707317	69.51219512195121	44.0	56.00000000000001
359	452.0	360.0	54.0650406504065	45.1219512195122	97.77777777777777	2.2222222222222223
360	492.0	284.0	50.0	56.70731707317073	0.0	100.0
361	288.0	216.0	70.73170731707317	67.07317073170732	75.92592592592592	24.074074074074073
362	316.0	240.0	67.88617886178862	63.41463414634146	80.0	20.0
363	300.0	232.0	69.51219512195121	64.63414634146342	81.03448275862068	18.96551724137931
364	280.0	192.0	71.54471544715447	70.73170731707317	27.083333333333332	72.91666666666666
365	332.0	204.0	66.26016260162602	68.90243902439023	15.686274509803921	84.31372549019608
366	368.0	300.0	62.601626016260155	54.268292682926834	90.66666666666666	9.333333333333334
367	284.0	172.0	71.13821138211382	73.78048780487805	41.86046511627907	58.139534883720934
368	280.0	204.0	71.54471544715447	68.90243902439023	60.78431372549019	39.21568627450981
369	288.0	192.0	70.73170731707317	70.73170731707317	29.166666666666668	70.83333333333334
370	308.0	224.0	68.69918699186992	65.85365853658537	85.71428571428571	14.285714285714285
371	264.0	176.0	73.17073170731707	73.17073170731707	29.545454545454547	70.45454545454545
372	360.0	224.0	63.41463414634146	65.85365853658537	3.571428571428571	96.42857142857143
373	288.0	212.0	70.73170731707317	67.6829268292683	39.62264150943396	60.37735849056604
374	304.0	236.0	69.10569105691057	64.02439024390245	84.7457627118644	15.254237288135593
375	284.0	176.0	71.13821138211382	73.17073170731707	47.72727272727273	52.27272727272727
376	416.0	236.0	57.72357723577236	64.02439024390245	0.0	100.0
377	296.0	240.0	69.91869918699187	63.41463414634146	71.66666666666667	28.333333333333332
378	292.0	200.0	70.32520325203252	69.51219512195121	74.0	26.0
379	320.0	204.0	67.47967479674797	68.90243902439023	13.725490196078432	86.27450980392157
380	348.0	292.0	64.63414634146342	55.487804878048784	91.78082191780823	8.21917808219178
381	276.0	172.0	71.95121951219512	73.78048780487805	32.55813953488372	67.44186046511628
382	356.0	300.0	63.82113821138211	54.268292682926834	90.66666666666666	9.333333333333334
383	348.0	212.0	64.63414634146342	67.6829268292683	3.7735849056603774	96.22641509433963
384	292.0	172.0	70.32520325203252	73.78048780487805	25.581395348837212	74.4186046511628
385	280.0	204.0	71.54471544715447	68.90243902439023	33.33333333333333	66.66666666666666
386	416.0	248.0	57.72357723577236	62.19512195121951	1.6129032258064515	98.38709677419355
387	444.0	348.0	54.87804878048781	46.95121951219512	97.70114942528735	2.2988505747126435
388	300.0	200.0	69.51219512195121	69.51219512195121	42.0	57.99999999999999
389	344.0	276.0	65.04065040650406	57.92682926829268	88.40579710144928	11.594202898550725
390	284.0	216.0	71.13821138211382	67.07317073170732	72.22222222222221	27.77777777777778
391	288.0	172.0	70.73170731707317	73.78048780487805	37.2093023255814	62.7906976744186
392	292.0	204.0	70.32520325203252	68.90243902439023	72.54901960784314	27.450980392156865
393	444.0	252.0	54.87804878048781	61.58536585365854	0.0	100.0
394	360.0	224.0	63.41463414634146	65.85365853658537	5.357142857142857	94.64285714285714
395	388.0	248.0	60.56910569105691	62.19512195121951	3.225806451612903	96.7741935483871
396	308.0	204.0	68.69918699186992	68.90243902439023	11.76470588235294	88.23529411764706
397	288.0	184.0	70.73170731707317	71.95121951219512	30.434782608695656	69.56521739130434
398	276.0	180.0	71.95121951219512	72.5609756097561	48.888888888888886	51.11111111111111
399	424.0	324.0	56.91056910569105	50.609756097560975	95.06172839506173	4.938271604938271
400	332.0	276.0	66.26016260162602	57.92682926829268	89.85507246376811	10.144927536231885
401	296.0	188.0	69.91869918699187	71.34146341463415	59.57446808510638	40.42553191489361
402	348.0	288.0	64.63414634146342	56.09756097560976	88.88888888888889	11.11111111111111
403	272.0	216.0	72.35772357723577	67.07317073170732	66.66666666666666	33.33333333333333
404	288.0	208.0	70.73170731707317	68.29268292682927	73.07692307692307	26.923076923076923
405	328.0	268.0	66.66666666666666	59.14634146341463	83.5820895522388	16.417910447761194
406	288.0	188.0	70.73170731707317	71.34146341463415	27.659574468085108	72.3404255319149
407	296.0	196.0	69.91869918699187	70.1219512195122	34.69387755102041	65.3061224489796
408	316.0	204.0	67.88617886178862	68.90243902439023	17.647058823529413	82.35294117647058
409	292.0	196.0	70.32520325203252	70.1219512195122	16.3265306122449	83.6734693877551
410	476.0	288.0	51.6260162601626	56.09756097560976	0.0	100.0
411	276.0	204.0	71.95121951219512	68.90243902439023	74.50980392156863	25.49019607843137
412	360.0	212.0	63.41463414634146	67.6829268292683	7.547169811320755	92.45283018867924
413	276.0	184.0	71.95121951219512	71.95121951219512	39.130434782608695	60.86956521739131
414	368.0	304.0	62.601626016260155	53.65853658536586	92.10526315789474	7.894736842105263
415	324.0	256.0	67.07317073170732	60.97560975609756	85.9375	14.0625
416	276.0	180.0	71.95121951219512	72.5609756097561	44.44444444444444	55.55555555555556
417	340.0	292.0	65.4471544715447	55.487804878048784	87.67123287671232	12.32876712328767
418	280.0	224.0	71.54471544715447	65.85365853658537	80.35714285714286	19.642857142857142
419	260.0	204.0	73.57723577235772	68.90243902439023	62.745098039215684	37.254901960784316
420	308.0	200.0	68.69918699186992	69.51219512195121	20.0	80.0
421	340.0	224.0	65.4471544715447	65.85365853658537	8.928571428571429	91.07142857142857
422	460.0	368.0	53.2520325203252	43.90243902439025	97.82608695652173	2.1739130434782608
423	424.0	248.0	56.91056910569105	62.19512195121951	1.6129032258064515	98.38709677419355
424	304.0	184.0	69.10569105691057	71.95121951219512	15.217391304347828	84.78260869565217
425	284.0	164.0	71.13821138211382	75.0	19.51219512195122	80.48780487804879
426	412.0	304.0	58.13008130081301	53.65853658536586	94.73684210526315	5.263157894736842
427	340.0	220.0	65.4471544715447	66.46341463414635	16.363636363636363	83.63636363636363
428	348.0	292.0	64.63414634146342	55.487804878048784	90.41095890410958	9.58904109589041
429	336.0	252.0	65.85365853658537	61.58536585365854	85.71428571428571	14.285714285714285
430	372.0	308.0	62.19512195121951	53.04878048780488	92.20779220779221	7.792207792207792
431	384.0	288.0	60.97560975609756	56.09756097560976	94.44444444444444	5.555555555555555
432	268.0	228.0	72.76422764227642	65.2439024390244	77.19298245614034	22.807017543859647
433	340.0	220.0	65.4471544715447	66.46341463414635	12.727272727272727	87.27272727272727
434	276.0	208.0	71.95121951219512	68.29268292682927	40.38461538461539	59.61538461538461
435	356.0	228.0	63.82113821138211	65.2439024390244	7.017543859649122	92.98245614035088
436	272.0	180.0	72.35772357723577	72.5609756097561	46.666666666666664	53.333333333333336
437	340.0	284.0	65.4471544715447	56.70731707317073	92.95774647887323	7.042253521126761
438	400.0	312.0	59.34959349593496	52.4390243902439	93.58974358974359	6.41025641025641
439	304.0	244.0	69.10569105691057	62.80487804878049	67.21311475409836	32.78688524590164
440	280.0	240.0	71.54471544715447	63.41463414634146	80.0	20.0
441	372.0	204.0	62.19512195121951	68.90243902439023	3.9215686274509802	96.07843137254902
442	428.0	328.0	56.50406504065041	50.0	95.1219512195122	4.878048780487805
443	280.0	192.0	71.54471544715447	70.73170731707317	35.41666666666667	64.58333333333334
444	384.0	304.0	60.97560975609756	53.65853658536586	92.10526315789474	7.894736842105263
445	436.0	340.0	55.6910569105691	48.170731707317074	96.47058823529412	3.5294117647058822
446	280.0	200.0	71.54471544715447	69.51219512195121	68.0	32.0
447	360.0	228.0	63.41463414634146	65.2439024390244	5.263157894736842	94.73684210526315
448	288.0	248.0	70.73170731707317	62.19512195121951	82.25806451612904	17.741935483870968
449	292.0	220.0	70.32520325203252	66.46341463414635	72.72727272727273	27.27272727272727
450	320.0	212.0	67.47967479674797	67.6829268292683	73.58490566037736	26.41509433962264
451	268.0	216.0	72.76422764227642	67.07317073170732	70.37037037037037	29.629629629629626
452	316.0	208.0	67.88617886178862	68.29268292682927	15.384615384615385	84.61538461538461
453	488.0	288.0	50.40650406504065	56.09756097560976	0.0	100.0
454	272.0	172.0	72.35772357723577	73.78048780487805	37.2093023255814	62.7906976744186
455	332.0	208.0	66.26016260162602	68.29268292682927	19.230769230769234	80.76923076923077
456	332.0	228.0	66.26016260162602	65.2439024390244	8.771929824561402	91.22807017543859
457	332.0	204.0	66.26016260162602	68.90243902439023	13.725490196078432	86.27450980392157
458	284.0	204.0	71.13821138211382	68.90243902439023	60.78431372549019	39.21568627450981
459	308.0	220.0	68.69918699186992	66.46341463414635	78.18181818181819	21.818181818181817
460	276.0	180.0	71.95121951219512	72.5609756097561	26.666666666666668	73.33333333333333
461	292.0	208.0	70.32520325203252	68.29268292682927	76.92307692307693	23.076923076923077
462	276.0	200.0	71.95121951219512	69.51219512195121	60.0	40.0
463	288.0	164.0	70.73170731707317	75.0	17.073170731707318	82.92682926829268
464	464.0	284.0	52.84552845528455	56.70731707317073	0.0	100.0
465	276.0	188.0	71.95121951219512	71.34146341463415	27.659574468085108	72.3404255319149
466	288.0	200.0	70.73170731707317	69.51219512195121	42.0	57.99999999999999
467	272.0	208.0	72.35772357723577	68.29268292682927	67.3076923076923	32.69230769230769
468	444.0	252.0	54.87804878048781	61.58536585365854	1.5873015873015872	98.4126984126984
469	308.0	228.0	68.69918699186992	65.2439024390244	82.45614035087719	17.543859649122805
470	272.0	184.0	72.35772357723577	71.95121951219512	30.434782608695656	69.56521739130434
471	268.0	184.0	72.76422764227642	71.95121951219512	45.65217391304348	54.347826086956516
472	464.0	264.0	52.84552845528455	59.756097560975604	0.0	100.0
473	332.0	272.0	66.26016260162602	58.536585365853654	88.23529411764706	11.76470588235294
474	280.0	184.0	71.54471544715447	71.95121951219512	23.91304347826087	76.08695652173914
475	276.0	200.0	71.95121951219512	69.51219512195121	34.0	66.0
476	396.0	248.0	59.756097560975604	62.19512195121951	3.225806451612903	96.7741935483871
477	260.0	208.0	73.57723577235772	68.29268292682927	75.0	25.0
478	404.0	224.0	58.94308943089431	65.85365853658537	1.7857142857142856	98.21428571428571
479	364.0	292.0	63.00813008130082	55.487804878048784	91.78082191780823	8.21917808219178
480	264.0	188.0	73.17073170731707	71.34146341463415	57.446808510638306	42.5531914893617
481	276.0	212.0	71.95121951219512	67.6829268292683	71.69811320754717	28.30188679245283
482	448.0	352.0	54.47154471544715	46.34146341463415	97.72727272727273	2.272727272727273
483	388.0	244.0	60.56910569105691	62.80487804878049	3.278688524590164	96.72131147540983
484	288.0	176.0	70.73170731707317	73.17073170731707	25.0	75.0
485	272.0	212.0	72.35772357723577	67.6829268292683	69.81132075471697	30.18867924528302
486	280.0	212.0	71.54471544715447	67.6829268292683	73.58490566037736	26.41509433962264
487	288.0	192.0	70.73170731707317	70.73170731707317	37.5	62.5
488	464.0	264.0	52.84552845528455	59.756097560975604	0.0	100.0
489	412.0	248.0	58.13008130081301	62.19512195121951	1.6129032258064515	98.38709677419355
490	284.0	168.0	71.13821138211382	74.39024390243902	21.428571428571427	78.57142857142857
491	272.0	188.0	72.35772357723577	71.34146341463415	46.808510638297875	53.191489361702125
492	268.0	208.0	72.76422764227642	68.29268292682927	69.23076923076923	30.76923076923077
493	292.0	200.0	70.32520325203252	69.51219512195121	24.0	76.0
494	356.0	276.0	63.82113821138211	57.92682926829268	91.30434782608695	8.695652173913043
495	444.0	348.0	54.87804878048781	46.95121951219512	96.55172413793103	3.4482758620689653
496	316.0	208.0	67.88617886178862	68.29268292682927	9.615384615384617	90.38461538461539
497	288.0	188.0	70.73170731707317	71.34146341463415	27.659574468085108	72.3404255319149
498	296.0	248.0	69.91869918699187	62.19512195121951	85.48387096774194	14.516129032258066
499	296.0	180.0	69.91869918699187	72.5609756097561	37.77777777777778	62.22222222222222
500	288.0	260.0	70.73170731707317	60.36585365853659	86.15384615384616	13.846153846153847
501	260.0	188.0	73.57723577235772	71.34146341463415	48.93617021276596	51.06382978723404
502	392.0	332.0	60.16260162601627	49.390243902439025	93.97590361445783	6.024096385542169
503	380.0	312.0	61.382113821138205	52.4390243902439	93.58974358974359	6.41025641025641
504	416.0	328.0	57.72357723577236	50.0	95.1219512195122	4.878048780487805
505	260.0	204.0	73.57723577235772	68.90243902439023	60.78431372549019	39.21568627450981
506	296.0	248.0	69.91869918699187	62.19512195121951	85.48387096774194	14.516129032258066
507	288.0	188.0	70.73170731707317	71.34146341463415	63.829787234042556	36.17021276595745
508	336.0	208.0	65.85365853658537	68.29268292682927	21.153846153846153	78.84615384615384
509	276.0	176.0	71.95121951219512	73.17073170731707	38.63636363636363	61.36363636363637
510	288.0	192.0	70.73170731707317	70.73170731707317	58.333333333333336	41.66666666666667
511	268.0	216.0	72.76422764227642	67.07317073170732	57.407407407407405	42.592592592592595
512	324.0	248.0	67.07317073170732	62.19512195121951	88.70967741935483	11.29032258064516
513	424.0	336.0	56.91056910569105	48.78048780487805	96.42857142857143	3.571428571428571
514	424.0	320.0	56.91056910569105	51.21951219512195	96.25	3.75
515	360.0	304.0	63.41463414634146	53.65853658536586	90.78947368421053	9.210526315789473
516	280.0	192.0	71.54471544715447	70.73170731707317	68.75	31.25
517	340.0	272.0	65.4471544715447	58.536585365853654	89.70588235294117	10.294117647058822
518	288.0	212.0	70.73170731707317	67.6829268292683	45.28301886792453	54.71698113207547
519	292.0	200.0	70.32520325203252	69.51219512195121	20.0	80.0
520	320.0	212.0	67.47967479674797	67.6829268292683	30.18867924528302	69.81132075471697
521	444.0	344.0	54.87804878048781	47.5609756097561	97.67441860465115	2.3255813953488373
522	256.0	176.0	73.98373983739837	73.17073170731707	47.72727272727273	52.27272727272727
523	372.0	224.0	62.19512195121951	65.85365853658537	3.571428571428571	96.42857142857143
524	340.0	212.0	65.4471544715447	67.6829268292683	11.320754716981133	88.67924528301887
525	276.0	200.0	71.95121951219512	69.51219512195121	36.0	64.0
526	332.0	216.0	66.26016260162602	67.07317073170732	7.4074074074074066	92.5925925925926
527	272.0	180.0	72.35772357723577	72.5609756097561	33.33333333333333	66.66666666666666
528	276.0	180.0	71.95121951219512	72.5609756097561	40.0	60.0
529	388.0	296.0	60.56910569105691	54.87804878048781	94.5945945945946	5.405405405405405
530	464.0	372.0	52.84552845528455	43.292682926829265	97.84946236559139	2.1505376344086025
531	296.0	212.0	69.91869918699187	67.6829268292683	22.641509433962266	77.35849056603774
532	356.0	296.0	63.82113821138211	54.87804878048781	91.8918918918919	8.108108108108109
533	288.0	204.0	70.73170731707317	68.90243902439023	76.47058823529412	23.52941176470588
534	284.0	244.0	71.13821138211382	62.80487804878049	83.60655737704919	16.39344262295082
535	276.0	220.0	71.95121951219512	66.46341463414635	74.54545454545455	25.454545454545453
536	352.0	224.0	64.22764227642277	65.85365853658537	8.928571428571429	91.07142857142857
537	284.0	208.0	71.13821138211382	68.29268292682927	71.15384615384616	28.846153846153843
538	464.0	276.0	52.84552845528455	57.92682926829268	0.0	100.0
539	384.0	236.0	60.97560975609756	64.02439024390245	1.694915254237288	98.30508474576271
540	308.0	200.0	68.69918699186992	69.51219512195121	14.000000000000002	86.0
541	272.0	184.0	72.35772357723577	71.95121951219512	63.04347826086957	36.95652173913043
542	264.0	192.0	73.17073170731707	70.73170731707317	54.166666666666664	45.83333333333333
543	312.0	192.0	68.29268292682927	70.73170731707317	12.5	87.5
544	448.0	352.0	54.47154471544715	46.34146341463415	97.72727272727273	2.272727272727273
545	372.0	316.0	62.19512195121951	51.829268292682926	91.13924050632912	8.860759493670885
546	328.0	216.0	66.66666666666666	67.07317073170732	20.37037037037037	79.62962962962963
547	444.0	352.0	54.87804878048781	46.34146341463415	96.5909090909091	3.4090909090909087
548	288.0	200.0	70.73170731707317	69.51219512195121	22.0	78.0
549	312.0	204.0	68.29268292682927	68.90243902439023	13.725490196078432	86.27450980392157
550	268.0	204.0	72.76422764227642	68.90243902439023	66.66666666666666	33.33333333333333
551	420.0	244.0	57.3170731707317	62.80487804878049	0.0	100.0
552	332.0	212.0	66.26016260162602	67.6829268292683	20.754716981132077	79.24528301886792
553	416.0	244.0	57.72357723577236	62.80487804878049	0.0	100.0
554	288.0	212.0	70.73170731707317	67.6829268292683	75.47169811320755	24.528301886792452
555	260.0	204.0	73.57723577235772	68.90243902439023	56.86274509803921	43.13725490196079
556	268.0	192.0	72.76422764227642	70.73170731707317	50.0	50.0
557	312.0	216.0	68.29268292682927	67.07317073170732	22.22222222222222	77.77777777777779
558	268.0	208.0	72.76422764227642	68.29268292682927	65.38461538461539	34.61538461538461
559	316.0	232.0	67.88617886178862	64.63414634146342	84.48275862068965	15.517241379310345
560	444.0	348.0	54.87804878048781	46.95121951219512	97.70114942528735	2.2988505747126435
561	260.0	204.0	73.57723577235772	68.90243902439023	56.86274509803921	43.13725490196079
562	464.0	364.0	52.84552845528455	44.51219512195122	98.9010989010989	1.098901098901099
563	272.0	188.0	72.35772357723577	71.34146341463415	61.702127659574465	38.297872340425535
564	364.0	308.0	63.00813008130082	53.04878048780488	90.9090909090909	9.090909090909092
565	276.0	184.0	71.95121951219512	71.95121951219512	43.47826086956522	56.52173913043478
566	288.0	196.0	70.73170731707317	70.1219512195122	40.816326530612244	59.183673469387756
567	432.0	248.0	56.09756097560976	62.19512195121951	1.6129032258064515	98.38709677419355
568	276.0	192.0	71.95121951219512	70.73170731707317	54.166666666666664	45.83333333333333
569	488.0	288.0	50.40650406504065	56.09756097560976	0.0	100.0
570	276.0	180.0	71.95121951219512	72.5609756097561	28.888888888888886	71.11111111111111
571	376.0	332.0	61.78861788617886	49.390243902439025	91.56626506024097	8.433734939759036
572	272.0	192.0	72.35772357723577	70.73170731707317	50.0	50.0
573	300.0	196.0	69.51219512195121	70.1219512195122	18.367346938775512	81.63265306122449
574	316.0	208.0	67.88617886178862	68.29268292682927	21.153846153846153	78.84615384615384
575	252.0	188.0	74.39024390243902	71.34146341463415	46.808510638297875	53.191489361702125
576	260.0	196.0	73.57723577235772	70.1219512195122	63.26530612244898	36.734693877551024
577	368.0	308.0	62.601626016260155	53.04878048780488	90.9090909090909	9.090909090909092
578	380.0	300.0	61.382113821138205	54.268292682926834	92.0	8.0
579	284.0	184.0	71.13821138211382	71.95121951219512	34.78260869565217	65.21739130434783
580	272.0	160.0	72.35772357723577	75.60975609756098	35.0	65.0
581	272.0	184.0	72.35772357723577	71.95121951219512	43.47826086956522	56.52173913043478
582	412.0	328.0	58.13008130081301	50.0	95.1219512195122	4.878048780487805
583	324.0	268.0	67.07317073170732	59.14634146341463	88.05970149253731	11.940298507462686
584	392.0	240.0	60.16260162601627	63.41463414634146	1.6666666666666667	98.33333333333333
585	404.0	252.0	58.94308943089431	61.58536585365854	3.1746031746031744	96.82539682539682
586	264.0	196.0	73.17073170731707	70.1219512195122	48.97959183673469	51.02040816326531
587	292.0	200.0	70.32520325203252	69.51219512195121	44.0	56.00000000000001
588	292.0	260.0	70.32520325203252	60.36585365853659	83.07692307692308	16.923076923076923
589	264.0	216.0	73.17073170731707	67.07317073170732	64.81481481481481	35.18518518518518
590	288.0	192.0	70.73170731707317	70.73170731707317	18.75	81.25
591	336.0	280.0	65.85365853658537	57.3170731707317	88.57142857142857	11.428571428571429
592	444.0	356.0	54.87804878048781	45.73170731707317	96.62921348314607	3.3707865168539324
593	280.0	184.0	71.54471544715447	71.95121951219512	43.47826086956522	56.52173913043478
594	436.0	344.0	55.6910569105691	47.5609756097561	97.67441860465115	2.3255813953488373
595	312.0	192.0	68.29268292682927	70.73170731707317	10.416666666666668	89.58333333333334
596	320.0	240.0	67.47967479674797	63.41463414634146	88.33333333333333	11.666666666666666
597	276.0	192.0	71.95121951219512	70.73170731707317	58.333333333333336	41.66666666666667
598	300.0	244.0	69.51219512195121	62.80487804878049	83.60655737704919	16.39344262295082
599	284.0	216.0	71.13821138211382	67.07317073170732	75.92592592592592	24.074074074074073
600	364.0	224.0	63.00813008130082	65.85365853658537	5.357142857142857	94.64285714285714
601	296.0	188.0	69.91869918699187	71.34146341463415	19.148936170212767	80.85106382978722
602	360.0	276.0	63.41463414634146	57.92682926829268	91.30434782608695	8.695652173913043
603	280.0	192.0	71.54471544715447	70.73170731707317	31.25	68.75
604	280.0	216.0	71.54471544715447	67.07317073170732	79.62962962962963	20.37037037037037
605	276.0	204.0	71.95121951219512	68.90243902439023	62.745098039215684	37.254901960784316
606	276.0	200.0	71.95121951219512	69.51219512195121	60.0	40.0
607	272.0	196.0	72.35772357723577	70.1219512195122	57.14285714285714	42.857142857142854
608	428.0	260.0	56.50406504065041	60.36585365853659	1.5384615384615385	98.46153846153847
609	328.0	256.0	66.66666666666666	60.97560975609756	89.0625	10.9375
610	256.0	208.0	73.98373983739837	68.29268292682927	63.46153846153846	36.53846153846153
611	396.0	232.0	59.756097560975604	64.63414634146342	1.7241379310344827	98.27586206896551
612	284.0	192.0	71.13821138211382	70.73170731707317	72.91666666666666	27.083333333333332
613	288.0	180.0	70.73170731707317	72.5609756097561	17.77777777777778	82.22222222222221
614	276.0	188.0	71.95121951219512	71.34146341463415	38.297872340425535	61.702127659574465
615	444.0	360.0	54.87804878048781	45.1219512195122	96.66666666666667	3.3333333333333335
616	276.0	192.0	71.95121951219512	70.73170731707317	47.91666666666667	52.083333333333336
617	268.0	192.0	72.76422764227642	70.73170731707317	66.66666666666666	33.33333333333333
618	284.0	176.0	71.13821138211382	73.17073170731707	29.545454545454547	70.45454545454545
619	256.0	180.0	73.98373983739837	72.5609756097561	44.44444444444444	55.55555555555556
620	292.0	184.0	70.32520325203252	71.95121951219512	15.217391304347828	84.78260869565217
621	284.0	188.0	71.13821138211382	71.34146341463415	25.53191489361702	74.46808510638297
622	296.0	184.0	69.91869918699187	71.95121951219512	21.73913043478261	78.26086956521739
623	364.0	224.0	63.00813008130082	65.85365853658537	3.571428571428571	96.42857142857143
624	488.0	372.0	50.40650406504065	43.292682926829265	98.9247311827957	1.0752688172043012
625	272.0	212.0	72.35772357723577	67.6829268292683	79.24528301886792	20.754716981132077
626	264.0	192.0	73.17073170731707	70.73170731707317	60.416666666666664	39.58333333333333
627	292.0	188.0	70.32520325203252	71.34146341463415	25.53191489361702	74.46808510638297
628	320.0	240.0	67.47967479674797	63.41463414634146	83.33333333333334	16.666666666666664
629	300.0	252.0	69.51219512195121	61.58536585365854	87.3015873015873	12.698412698412698
630	264.0	208.0	73.17073170731707	68.29268292682927	75.0	25.0
631	280.0	204.0	71.54471544715447	68.90243902439023	23.52941176470588	76.47058823529412
632	284.0	216.0	71.13821138211382	67.07317073170732	72.22222222222221	27.77777777777778
633	264.0	208.0	73.17073170731707	68.29268292682927	67.3076923076923	32.69230769230769
634	276.0	208.0	71.95121951219512	68.29268292682927	69.23076923076923	30.76923076923077
635	280.0	184.0	71.54471544715447	71.95121951219512	34.78260869565217	65.21739130434783
636	308.0	220.0	68.69918699186992	66.46341463414635	76.36363636363637	23.636363636363637
637	392.0	240.0	60.16260162601627	63.41463414634146	1.6666666666666667	98.33333333333333
638	272.0	176.0	72.35772357723577	73.17073170731707	29.545454545454547	70.45454545454545
639	272.0	188.0	72.35772357723577	71.34146341463415	59.57446808510638	40.42553191489361
640	284.0	172.0	71.13821138211382	73.78048780487805	20.930232558139537	79.06976744186046
641	336.0	200.0	65.85365853658537	69.51219512195121	8.0	92.0
642	372.0	284.0	62.19512195121951	56.70731707317073	94.36619718309859	5.633802816901409
643	320.0	212.0	67.47967479674797	67.6829268292683	11.320754716981133	88.67924528301887
644	280.0	216.0	71.54471544715447	67.07317073170732	79.62962962962963	20.37037037037037
645	276.0	180.0	71.95121951219512	72.5609756097561	42.22222222222222	57.77777777777777
646	336.0	276.0	65.85365853658537	57.92682926829268	91.30434782608695	8.695652173913043
647	284.0	220.0	71.13821138211382	66.46341463414635	80.0	20.0
648	288.0	188.0	70.73170731707317	71.34146341463415	65.95744680851064	34.04255319148936
649	328.0	260.0	66.66666666666666	60.36585365853659	86.15384615384616	13.846153846153847
650	292.0	204.0	70.32520325203252	68.90243902439023	74.50980392156863	25.49019607843137
651	320.0	208.0	67.47967479674797	68.29268292682927	13.461538461538462	86.53846153846155
652	296.0	200.0	69.91869918699187	69.51219512195121	22.0	78.0
653	312.0	200.0	68.29268292682927	69.51219512195121	12.0	88.0
654	268.0	180.0	72.76422764227642	72.5609756097561	53.333333333333336	46.666666666666664
655	320.0	208.0	67.47967479674797	68.29268292682927	30.76923076923077	69.23076923076923
656	276.0	196.0	71.95121951219512	70.1219512195122	34.69387755102041	65.3061224489796
657	456.0	360.0	53.65853658536586	45.1219512195122	97.77777777777777	2.2222222222222223
658	300.0	272.0	69.51219512195121	58.536585365853654	86.76470588235294	13.23529411764706
659	444.0	352.0	54.87804878048781	46.34146341463415	96.5909090909091	3.4090909090909087
660	280.0	224.0	71.54471544715447	65.85365853658537	78.57142857142857	21.428571428571427
661	264.0	172.0	73.17073170731707	73.78048780487805	51.162790697674424	48.837209302325576
662	396.0	316.0	59.756097560975604	51.829268292682926	94.9367088607595	5.063291139240507
663	312.0	196.0	68.29268292682927	70.1219512195122	14.285714285714285	85.71428571428571
664	324.0	196.0	67.07317073170732	70.1219512195122	16.3265306122449	83.6734693877551
665	288.0	184.0	70.73170731707317	71.95121951219512	19.565217391304348	80.43478260869566
666	268.0	208.0	72.76422764227642	68.29268292682927	76.92307692307693	23.076923076923077
667	280.0	212.0	71.54471544715447	67.6829268292683	71.69811320754717	28.30188679245283
668	284.0	184.0	71.13821138211382	71.95121951219512	19.565217391304348	80.43478260869566
669	276.0	208.0	71.95121951219512	68.29268292682927	75.0	25.0
670	276.0	200.0	71.95121951219512	69.51219512195121	24.0	76.0
671	464.0	276.0	52.84552845528455	57.92682926829268	0.0	100.0
672	312.0	232.0	68.29268292682927	64.63414634146342	82.75862068965517	17.24137931034483
673	280.0	216.0	71.54471544715447	67.07317073170732	74.07407407407408	25.925925925925924
674	292.0	200.0	70.32520325203252	69.51219512195121	42.0	57.99999999999999
675	332.0	208.0	66.26016260162602	68.29268292682927	21.153846153846153	78.84615384615384
676	276.0	212.0	71.95121951219512	67.6829268292683	75.47169811320755	24.528301886792452
677	300.0	236.0	69.51219512195121	64.02439024390245	77.96610169491525	22.033898305084744
678	328.0	284.0	66.66666666666666	56.70731707317073	88.73239436619718	11.267605633802818
679	308.0	192.0	68.69918699186992	70.73170731707317	75.0	25.0
680	280.0	224.0	71.54471544715447	65.85365853658537	78.57142857142857	21.428571428571427
681	268.0	168.0	72.76422764227642	74.39024390243902	40.476190476190474	59.523809523809526
682	292.0	196.0	70.32520325203252	70.1219512195122	67.3469387755102	32.6530612244898
683	264.0	176.0	73.17073170731707	73.17073170731707	34.090909090909086	65.9090909090909
684	296.0	256.0	69.91869918699187	60.97560975609756	84.375	15.625
685	268.0	208.0	72.76422764227642	68.29268292682927	69.23076923076923	30.76923076923077
686	284.0	180.0	71.13821138211382	72.5609756097561	26.666666666666668	73.33333333333333
687	276.0	212.0	71.95121951219512	67.6829268292683	77.35849056603774	22.641509433962266
688	296.0	260.0	69.91869918699187	60.36585365853659	84.61538461538461	15.384615384615385
689	456.0	260.0	53.65853658536586	60.36585365853659	0.0	100.0
690	388.0	244.0	60.56910569105691	62.80487804878049	3.278688524590164	96.72131147540983
691	292.0	188.0	70.32520325203252	71.34146341463415	70.2127659574468	29.78723404255319
692	308.0	204.0	68.69918699186992	68.90243902439023	13.725490196078432	86.27450980392157
693	324.0	276.0	67.07317073170732	57.92682926829268	88.40579710144928	11.594202898550725
694	276.0	168.0	71.95121951219512	74.39024390243902	30.952380952380953	69.04761904761905
695	272.0	196.0	72.35772357723577	70.1219512195122	53.06122448979592	46.93877551020408
696	396.0	228.0	59.756097560975604	65.2439024390244	0.0	100.0
697	260.0	180.0	73.57723577235772	72.5609756097561	37.77777777777778	62.22222222222222
698	464.0	360.0	52.84552845528455	45.1219512195122	97.77777777777777	2.2222222222222223
699	276.0	208.0	71.95121951219512	68.29268292682927	38.46153846153847	61.53846153846154
700	260.0	176.0	73.57723577235772	73.17073170731707	54.54545454545454	45.45454545454545
701	376.0	224.0	61.78861788617886	65.85365853658537	1.7857142857142856	98.21428571428571
702	268.0	172.0	72.76422764227642	73.78048780487805	34.883720930232556	65.11627906976744
703	332.0	208.0	66.26016260162602	68.29268292682927	11.538461538461538	88.46153846153845
704	412.0	328.0	58.13008130081301	50.0	95.1219512195122	4.878048780487805
705	360.0	304.0	63.41463414634146	53.65853658536586	90.78947368421053	9.210526315789473
706	256.0	188.0	73.98373983739837	71.34146341463415	40.42553191489361	59.57446808510638
707	280.0	192.0	71.54471544715447	70.73170731707317	43.75	56.25
708	328.0	212.0	66.66666666666666	67.6829268292683	18.867924528301888	81.13207547169812
709	336.0	212.0	65.85365853658537	67.6829268292683	7.547169811320755	92.45283018867924
710	328.0	208.0	66.66666666666666	68.29268292682927	13.461538461538462	86.53846153846155
711	324.0	260.0	67.07317073170732	60.36585365853659	86.15384615384616	13.846153846153847
712	372.0	224.0	62.19512195121951	65.85365853658537	3.571428571428571	96.42857142857143
713	276.0	196.0	71.95121951219512	70.1219512195122	65.3061224489796	34.69387755102041
714	472.0	376.0	52.03252032520326	42.68292682926829	97.87234042553192	2.127659574468085
715	292.0	256.0	70.32520325203252	60.97560975609756	84.375	15.625
716	284.0	192.0	71.13821138211382	70.73170731707317	64.58333333333334	35.41666666666667
717	272.0	180.0	72.35772357723577	72.5609756097561	46.666666666666664	53.333333333333336
718	476.0	372.0	51.6260162601626	43.292682926829265	98.9247311827957	1.0752688172043012
719	276.0	216.0	71.95121951219512	67.07317073170732	75.92592592592592	24.074074074074073
720	284.0	240.0	71.13821138211382	63.41463414634146	85.0	15.0
721	332.0	280.0	66.26016260162602	57.3170731707317	90.0	10.0
722	264.0	188.0	73.17073170731707	71.34146341463415	29.78723404255319	70.2127659574468
723	280.0	192.0	71.54471544715447	70.73170731707317	25.0	75.0
724	356.0	296.0	63.82113821138211	54.87804878048781	91.8918918918919	8.108108108108109
725	296.0	204.0	69.91869918699187	68.90243902439023	74.50980392156863	25.49019607843137
726	280.0	184.0	71.54471544715447	71.95121951219512	26.08695652173913	73.91304347826086
727	464.0	268.0	52.84552845528455	59.14634146341463	0.0	100.0
728	308.0	192.0	68.69918699186992	70.73170731707317	14.583333333333334	85.41666666666666
729	260.0	200.0	73.57723577235772	69.51219512195121	62.0	38.0
730	332.0	276.0	66.26016260162602	57.92682926829268	89.85507246376811	10.144927536231885
731	344.0	216.0	65.04065040650406	67.07317073170732	9.25925925925926	90.74074074074075
732	340.0	284.0	65.4471544715447	56.70731707317073	88.73239436619718	11.267605633802818
733	260.0	180.0	73.57723577235772	72.5609756097561	53.333333333333336	46.666666666666664
734	356.0	224.0	63.82113821138211	65.85365853658537	5.357142857142857	94.64285714285714
735	344.0	212.0	65.04065040650406	67.6829268292683	7.547169811320755	92.45283018867924
736	344.0	212.0	65.04065040650406	67.6829268292683	7.547169811320755	92.45283018867924
737	308.0	196.0	68.69918699186992	70.1219512195122	14.285714285714285	85.71428571428571
738	292.0	204.0	70.32520325203252	68.90243902439023	70.58823529411765	29.411764705882355
739	268.0	176.0	72.76422764227642	73.17073170731707	54.54545454545454	45.45454545454545
740	300.0	256.0	69.51219512195121	60.97560975609756	85.9375	14.0625
741	292.0	196.0	70.32520325203252	70.1219512195122	69.38775510204081	30.612244897959183
742	280.0	192.0	71.54471544715447	70.73170731707317	37.5	62.5
743	260.0	168.0	73.57723577235772	74.39024390243902	35.714285714285715	64.28571428571429
744	264.0	216.0	73.17073170731707	67.07317073170732	55.55555555555556	44.44444444444444
745	468.0	264.0	52.4390243902439	59.756097560975604	0.0	100.0
746	260.0	176.0	73.57723577235772	73.17073170731707	50.0	50.0
747	324.0	200.0	67.07317073170732	69.51219512195121	12.0	88.0
748	272.0	196.0	72.35772357723577	70.1219512195122	65.3061224489796	34.69387755102041
749	272.0	200.0	72.35772357723577	69.51219512195121	34.0	66.0
750	288.0	204.0	70.73170731707317	68.90243902439023	33.33333333333333	66.66666666666666
751	284.0	244.0	71.13821138211382	62.80487804878049	80.32786885245902	19.672131147540984
752	384.0	320.0	60.97560975609756	51.21951219512195	93.75	6.25
753	320.0	200.0	67.47967479674797	69.51219512195121	18.0	82.0
754	292.0	176.0	70.32520325203252	73.17073170731707	22.727272727272727	77.27272727272727
755	448.0	252.0	54.47154471544715	61.58536585365854	0.0	100.0
756	280.0	180.0	71.54471544715447	72.5609756097561	62.22222222222222	37.77777777777778
757	284.0	188.0	71.13821138211382	71.34146341463415	25.53191489361702	74.46808510638297
758	328.0	272.0	66.66666666666666	58.536585365853654	89.70588235294117	10.294117647058822
759	276.0	176.0	71.95121951219512	73.17073170731707	45.45454545454545	54.54545454545454
760	396.0	304.0	59.756097560975604	53.65853658536586	93.42105263157895	6.578947368421052
761	340.0	284.0	65.4471544715447	56.70731707317073	88.73239436619718	11.267605633802818
762	280.0	208.0	71.54471544715447	68.29268292682927	75.0	25.0
763	260.0	172.0	73.57723577235772	73.78048780487805	51.162790697674424	48.837209302325576
764	264.0	176.0	73.17073170731707	73.17073170731707	38.63636363636363	61.36363636363637
765	328.0	216.0	66.66666666666666	67.07317073170732	12.962962962962962	87.03703703703704
766	276.0	216.0	71.95121951219512	67.07317073170732	74.07407407407408	25.925925925925924
767	268.0	188.0	72.76422764227642	71.34146341463415	40.42553191489361	59.57446808510638
768	276.0	220.0	71.95121951219512	66.46341463414635	76.36363636363637	23.636363636363637
769	324.0	192.0	67.07317073170732	70.73170731707317	12.5	87.5
770	324.0	280.0	67.07317073170732	57.3170731707317	90.0	10.0
771	276.0	184.0	71.95121951219512	71.95121951219512	39.130434782608695	60.86956521739131
772	260.0	200.0	73.57723577235772	69.51219512195121	52.0	48.0
773	264.0	196.0	73.17073170731707	70.1219512195122	65.3061224489796	34.69387755102041
774	312.0	244.0	68.29268292682927	62.80487804878049	78.68852459016394	21.311475409836063
775	288.0	196.0	70.73170731707317	70.1219512195122	73.46938775510205	26.53061224489796
776	472.0	276.0	52.03252032520326	57.92682926829268	0.0	100.0
777	332.0	212.0	66.26016260162602	67.6829268292683	7.547169811320755	92.45283018867924
778	276.0	188.0	71.95121951219512	71.34146341463415	38.297872340425535	61.702127659574465
779	336.0	248.0	65.85365853658537	62.19512195121951	87.09677419354838	12.903225806451612
780	284.0	200.0	71.13821138211382	69.51219512195121	72.0	28.000000000000004
781	284.0	228.0	71.13821138211382	65.2439024390244	78.94736842105263	21.052631578947366
782	320.0	224.0	67.47967479674797	65.85365853658537	82.14285714285714	17.857142857142858
783	416.0	308.0	57.72357723577236	53.04878048780488	93.5064935064935	6.493506493506493
784	316.0	256.0	67.88617886178862	60.97560975609756	87.5	12.5
785	340.0	220.0	65.4471544715447	66.46341463414635	5.454545454545454	94.54545454545455
786	284.0	216.0	71.13821138211382	67.07317073170732	72.22222222222221	27.77777777777778
787	284.0	188.0	71.13821138211382	71.34146341463415	21.27659574468085	78.72340425531915
788	272.0	204.0	72.35772357723577	68.90243902439023	76.47058823529412	23.52941176470588
789	312.0	268.0	68.29268292682927	59.14634146341463	86.56716417910447	13.432835820895523
790	272.0	212.0	72.35772357723577	67.6829268292683	75.47169811320755	24.528301886792452
791	276.0	192.0	71.95121951219512	70.73170731707317	41.66666666666667	58.333333333333336
792	276.0	180.0	71.95121951219512	72.5609756097561	53.333333333333336	46.666666666666664
793	316.0	204.0	67.88617886178862	68.90243902439023	11.76470588235294	88.23529411764706
794	292.0	212.0	70.32520325203252	67.6829268292683	75.47169811320755	24.528301886792452
795	260.0	188.0	73.57723577235772	71.34146341463415	57.446808510638306	42.5531914893617
796	296.0	180.0	69.91869918699187	72.5609756097561	33.33333333333333	66.66666666666666
797	284.0	184.0	71.13821138211382	71.95121951219512	39.130434782608695	60.86956521739131
798	456.0	260.0	53.65853658536586	60.36585365853659	0.0	100.0
799	288.0	224.0	70.73170731707317	65.85365853658537	76.78571428571429	23.214285714285715
800	376.0	312.0	61.78861788617886	52.4390243902439	92.3076923076923	7.6923076923076925
801	412.0	336.0	58.13008130081301	48.78048780487805	95.23809523809523	4.761904761904762
802	308.0	204.0	68.69918699186992	68.90243902439023	11.76470588235294	88.23529411764706
803	292.0	220.0	70.32520325203252	66.46341463414635	81.81818181818183	18.181818181818183
804	304.0	204.0	69.10569105691057	68.90243902439023	31.372549019607842	68.62745098039215
805	348.0	220.0	64.63414634146342	66.46341463414635	5.454545454545454	94.54545454545455
806	352.0	220.0	64.22764227642277	66.46341463414635	7.2727272727272725	92.72727272727272
807	396.0	320.0	59.756097560975604	51.21951219512195	93.75	6.25
808	300.0	180.0	69.51219512195121	72.5609756097561	15.555555555555555	84.44444444444444
809	460.0	368.0	53.2520325203252	43.90243902439025	97.82608695652173	2.1739130434782608
810	260.0	188.0	73.57723577235772	71.34146341463415	55.319148936170215	44.680851063829785
811	264.0	200.0	73.17073170731707	69.51219512195121	70.0	30.0
812	336.0	212.0	65.85365853658537	67.6829268292683	5.660377358490567	94.33962264150944
813	256.0	176.0	73.98373983739837	73.17073170731707	40.909090909090914	59.09090909090909
814	284.0	228.0	71.13821138211382	65.2439024390244	77.19298245614034	22.807017543859647
815	296.0	232.0	69.91869918699187	64.63414634146342	84.48275862068965	15.517241379310345
816	300.0	188.0	69.51219512195121	71.34146341463415	14.893617021276595	85.1063829787234
817	344.0	192.0	65.04065040650406	70.73170731707317	6.25	93.75
818	280.0	200.0	71.54471544715447	69.51219512195121	24.0	76.0
819	372.0	328.0	62.19512195121951	50.0	92.6829268292683	7.317073170731707
820	264.0	168.0	73.17073170731707	74.39024390243902	30.952380952380953	69.04761904761905
821	264.0	212.0	73.17073170731707	67.6829268292683	77.35849056603774	22.641509433962266
822	352.0	220.0	64.22764227642277	66.46341463414635	7.2727272727272725	92.72727272727272
823	340.0	212.0	65.4471544715447	67.6829268292683	7.547169811320755	92.45283018867924
824	288.0	192.0	70.73170731707317	70.73170731707317	20.833333333333336	79.16666666666666
825	264.0	184.0	73.17073170731707	71.95121951219512	39.130434782608695	60.86956521739131
826	284.0	196.0	71.13821138211382	70.1219512195122	73.46938775510205	26.53061224489796
827	308.0	228.0	68.69918699186992	65.2439024390244	77.19298245614034	22.807017543859647
828	384.0	312.0	60.97560975609756	52.4390243902439	92.3076923076923	7.6923076923076925
829	388.0	316.0	60.56910569105691	51.829268292682926	93.67088607594937	6.329113924050633
830	400.0	240.0	59.34959349593496	63.41463414634146	1.6666666666666667	98.33333333333333
831	332.0	208.0	66.26016260162602	68.29268292682927	7.6923076923076925	92.3076923076923
832	372.0	224.0	62.19512195121951	65.85365853658537	3.571428571428571	96.42857142857143
833	300.0	200.0	69.51219512195121	69.51219512195121	78.0	22.0
834	280.0	228.0	71.54471544715447	65.2439024390244	77.19298245614034	22.807017543859647
835	280.0	184.0	71.54471544715447	71.95121951219512	26.08695652173913	73.91304347826086
836	380.0	240.0	61.382113821138205	63.41463414634146	1.6666666666666667	98.33333333333333
837	256.0	180.0	73.98373983739837	72.5609756097561	46.666666666666664	53.333333333333336
838	276.0	196.0	71.95121951219512	70.1219512195122	61.224489795918366	38.775510204081634
839	268.0	212.0	72.76422764227642	67.6829268292683	69.81132075471697	30.18867924528302
840	312.0	204.0	68.29268292682927	68.90243902439023	11.76470588235294	88.23529411764706
841	416.0	244.0	57.72357723577236	62.80487804878049	0.0	100.0
842	312.0	244.0	68.29268292682927	62.80487804878049	83.60655737704919	16.39344262295082
843	264.0	212.0	73.17073170731707	67.6829268292683	60.37735849056604	39.62264150943396
844	344.0	216.0	65.04065040650406	67.07317073170732	7.4074074074074066	92.5925925925926
845	268.0	204.0	72.76422764227642	68.90243902439023	70.58823529411765	29.411764705882355
846	268.0	180.0	72.76422764227642	72.5609756097561	33.33333333333333	66.66666666666666
847	304.0	212.0	69.10569105691057	67.6829268292683	81.13207547169812	18.867924528301888
848	268.0	204.0	72.76422764227642	68.90243902439023	74.50980392156863	25.49019607843137
849	344.0	224.0	65.04065040650406	65.85365853658537	5.357142857142857	94.64285714285714
850	352.0	296.0	64.22764227642277	54.87804878048781	90.54054054054053	9.45945945945946
851	404.0	312.0	58.94308943089431	52.4390243902439	93.58974358974359	6.41025641025641
852	264.0	184.0	73.17073170731707	71.95121951219512	36.95652173913043	63.04347826086957
853	260.0	204.0	73.57723577235772	68.90243902439023	72.54901960784314	27.450980392156865
854	316.0	260.0	67.88617886178862	60.36585365853659	86.15384615384616	13.846153846153847
855	476.0	284.0	51.6260162601626	56.70731707317073	0.0	100.0
856	452.0	364.0	54.0650406504065	44.51219512195122	97.8021978021978	2.197802197802198
857	376.0	224.0	61.78861788617886	65.85365853658537	1.7857142857142856	98.21428571428571
858	396.0	296.0	59.756097560975604	54.87804878048781	93.24324324324324	6.756756756756757
859	256.0	172.0	73.98373983739837	73.78048780487805	39.53488372093023	60.46511627906976
860	284.0	196.0	71.13821138211382	70.1219512195122	28.57142857142857	71.42857142857143
861	280.0	188.0	71.54471544715447	71.34146341463415	36.17021276595745	63.829787234042556
862	356.0	224.0	63.82113821138211	65.85365853658537	5.357142857142857	94.64285714285714
863	280.0	168.0	71.54471544715447	74.39024390243902	28.57142857142857	71.42857142857143
864	312.0	248.0	68.29268292682927	62.19512195121951	87.09677419354838	12.903225806451612
865	292.0	192.0	70.32520325203252	70.73170731707317	33.33333333333333	66.66666666666666
866	252.0	204.0	74.39024390243902	68.90243902439023	64.70588235294117	35.294117647058826
867	284.0	216.0	71.13821138211382	67.07317073170732	79.62962962962963	20.37037037037037
868	276.0	200.0	71.95121951219512	69.51219512195121	64.0	36.0
869	324.0	200.0	67.07317073170732	69.51219512195121	12.0	88.0
870	268.0	196.0	72.76422764227642	70.1219512195122	69.38775510204081	30.612244897959183
871	380.0	328.0	61.382113821138205	50.0	92.6829268292683	7.317073170731707
872	268.0	180.0	72.76422764227642	72.5609756097561	48.888888888888886	51.11111111111111
873	308.0	204.0	68.69918699186992	68.90243902439023	19.607843137254903	80.3921568627451
874	308.0	264.0	68.69918699186992	59.756097560975604	83.33333333333334	16.666666666666664
875	272.0	184.0	72.35772357723577	71.95121951219512	60.86956521739131	39.130434782608695
876	420.0	252.0	57.3170731707317	61.58536585365854	1.5873015873015872	98.4126984126984
877	256.0	196.0	73.98373983739837	70.1219512195122	57.14285714285714	42.857142857142854
878	288.0	184.0	70.73170731707317	71.95121951219512	28.26086956521739	71.73913043478261
879	320.0	208.0	67.47967479674797	68.29268292682927	11.538461538461538	88.46153846153845
880	280.0	216.0	71.54471544715447	67.07317073170732	77.77777777777779	22.22222222222222
881	404.0	308.0	58.94308943089431	53.04878048780488	93.5064935064935	6.493506493506493
882	308.0	232.0	68.69918699186992	64.63414634146342	86.20689655172413	13.793103448275861
883	432.0	320.0	56.09756097560976	51.21951219512195	93.75	6.25
884	424.0	316.0	56.91056910569105	51.829268292682926	93.67088607594937	6.329113924050633
885	440.0	352.0	55.28455284552846	46.34146341463415	95.45454545454545	4.545454545454546
886	280.0	224.0	71.54471544715447	65.85365853658537	83.92857142857143	16.071428571428573
887	264.0	196.0	73.17073170731707	70.1219512195122	40.816326530612244	59.183673469387756
888	264.0	176.0	73.17073170731707	73.17073170731707	27.27272727272727	72.72727272727273
889	284.0	180.0	71.13821138211382	72.5609756097561	28.888888888888886	71.11111111111111
890	372.0	316.0	62.19512195121951	51.829268292682926	91.13924050632912	8.860759493670885
891	272.0	216.0	72.35772357723577	67.07317073170732	53.70370370370371	46.2962962962963
892	284.0	236.0	71.13821138211382	64.02439024390245	84.7457627118644	15.254237288135593
893	272.0	220.0	72.35772357723577	66.46341463414635	81.81818181818183	18.181818181818183
894	432.0	244.0	56.09756097560976	62.80487804878049	0.0	100.0
895	272.0	216.0	72.35772357723577	67.07317073170732	74.07407407407408	25.925925925925924
896	256.0	172.0	73.98373983739837	73.78048780487805	53.48837209302325	46.51162790697674
897	312.0	200.0	68.29268292682927	69.51219512195121	18.0	82.0
898	292.0	196.0	70.32520325203252	70.1219512195122	71.42857142857143	28.57142857142857
899	492.0	368.0	50.0	43.90243902439025	100.0	0.0
900	276.0	176.0	71.95121951219512	73.17073170731707	59.09090909090909	40.909090909090914
901	300.0	208.0	69.51219512195121	68.29268292682927	30.76923076923077	69.23076923076923
902	380.0	224.0	61.382113821138205	65.85365853658537	1.7857142857142856	98.21428571428571
903	268.0	196.0	72.76422764227642	70.1219512195122	38.775510204081634	61.224489795918366
904	276.0	192.0	71.95121951219512	70.73170731707317	52.083333333333336	47.91666666666667
905	260.0	188.0	73.57723577235772	71.34146341463415	55.319148936170215	44.680851063829785
906	284.0	184.0	71.13821138211382	71.95121951219512	19.565217391304348	80.43478260869566
907	260.0	204.0	73.57723577235772	68.90243902439023	58.82352941176471	41.17647058823529
908	476.0	376.0	51.6260162601626	42.68292682926829	97.87234042553192	2.127659574468085
909	288.0	224.0	70.73170731707317	65.85365853658537	82.14285714285714	17.857142857142858
910	308.0	188.0	68.69918699186992	71.34146341463415	12.76595744680851	87.2340425531915
911	292.0	192.0	70.32520325203252	70.73170731707317	14.583333333333334	85.41666666666666
912	400.0	248.0	59.34959349593496	62.19512195121951	3.225806451612903	96.7741935483871
913	280.0	180.0	71.54471544715447	72.5609756097561	20.0	80.0
914	316.0	188.0	67.88617886178862	71.34146341463415	12.76595744680851	87.2340425531915
915	308.0	204.0	68.69918699186992	68.90243902439023	17.647058823529413	82.35294117647058
916	424.0	316.0	56.91056910569105	51.829268292682926	96.20253164556962	3.79746835443038
917	340.0	204.0	65.4471544715447	68.90243902439023	7.8431372549019605	92.15686274509804
918	264.0	192.0	73.17073170731707	70.73170731707317	62.5	37.5
919	332.0	184.0	66.26016260162602	71.95121951219512	10.869565217391305	89.13043478260869
920	324.0	200.0	67.07317073170732	69.51219512195121	16.0	84.0
921	272.0	212.0	72.35772357723577	67.6829268292683	71.69811320754717	28.30188679245283
922	336.0	204.0	65.85365853658537	68.90243902439023	7.8431372549019605	92.15686274509804
923	332.0	252.0	66.26016260162602	61.58536585365854	90.47619047619048	9.523809523809524
924	260.0	192.0	73.57723577235772	70.73170731707317	52.083333333333336	47.91666666666667
925	252.0	172.0	74.39024390243902	73.78048780487805	39.53488372093023	60.46511627906976
926	308.0	200.0	68.69918699186992	69.51219512195121	18.0	82.0
927	272.0	192.0	72.35772357723577	70.73170731707317	66.66666666666666	33.33333333333333
928	268.0	204.0	72.76422764227642	68.90243902439023	68.62745098039215	31.372549019607842
929	404.0	240.0	58.94308943089431	63.41463414634146	1.6666666666666667	98.33333333333333
930	272.0	180.0	72.35772357723577	72.5609756097561	60.0	40.0
931	260.0	176.0	73.57723577235772	73.17073170731707	38.63636363636363	61.36363636363637
932	276.0	196.0	71.95121951219512	70.1219512195122	73.46938775510205	26.53061224489796
933	272.0	196.0	72.35772357723577	70.1219512195122	34.69387755102041	65.3061224489796
934	328.0	220.0	66.66666666666666	66.46341463414635	16.363636363636363	83.63636363636363
935	272.0	200.0	72.35772357723577	69.51219512195121	38.0	62.0
936	272.0	204.0	72.35772357723577	68.90243902439023	23.52941176470588	76.47058823529412
937	272.0	184.0	72.35772357723577	71.95121951219512	58.69565217391305	41.30434782608695
938	312.0	200.0	68.29268292682927	69.51219512195121	12.0	88.0
939	324.0	256.0	67.07317073170732	60.97560975609756	81.25	18.75
940	292.0	192.0	70.32520325203252	70.73170731707317	70.83333333333334	29.166666666666668
941	288.0	180.0	70.73170731707317	72.5609756097561	26.666666666666668	73.33333333333333
942	288.0	212.0	70.73170731707317	67.6829268292683	73.58490566037736	26.41509433962264
943	264.0	176.0	73.17073170731707	73.17073170731707	38.63636363636363	61.36363636363637
944	260.0	176.0	73.57723577235772	73.17073170731707	47.72727272727273	52.27272727272727
945	284.0	172.0	71.13821138211382	73.78048780487805	20.930232558139537	79.06976744186046
946	264.0	184.0	73.17073170731707	71.95121951219512	50.0	50.0
947	272.0	200.0	72.35772357723577	69.51219512195121	26.0	74.0
948	304.0	188.0	69.10569105691057	71.34146341463415	12.76595744680851	87.2340425531915
949	284.0	180.0	71.13821138211382	72.5609756097561	46.666666666666664	53.333333333333336
950	328.0	212.0	66.66666666666666	67.6829268292683	7.547169811320755	92.45283018867924
951	296.0	228.0	69.91869918699187	65.2439024390244	80.7017543859649	19.298245614035086
952	280.0	180.0	71.54471544715447	72.5609756097561	35.55555555555556	64.44444444444444
953	292.0	216.0	70.32520325203252	67.07317073170732	75.92592592592592	24.074074074074073
954	256.0	168.0	73.98373983739837	74.39024390243902	35.714285714285715	64.28571428571429
955	364.0	276.0	63.00813008130082	57.92682926829268	91.30434782608695	8.695652173913043
956	296.0	188.0	69.91869918699187	71.34146341463415	12.76595744680851	87.2340425531915
957	312.0	272.0	68.29268292682927	58.536585365853654	88.23529411764706	11.76470588235294
958	288.0	256.0	70.73170731707317	60.97560975609756	84.375	15.625
959	280.0	192.0	71.54471544715447	70.73170731707317	31.25	68.75
960	260.0	176.0	73.57723577235772	73.17073170731707	50.0	50.0
961	396.0	244.0	59.756097560975604	62.80487804878049	1.639344262295082	98.36065573770492
962	268.0	224.0	72.76422764227642	65.85365853658537	78.57142857142857	21.428571428571427
963	272.0	172.0	72.35772357723577	73.78048780487805	34.883720930232556	65.11627906976744
964	268.0	192.0	72.76422764227642	70.73170731707317	62.5	37.5
965	372.0	216.0	62.19512195121951	67.07317073170732	1.8518518518518516	98.14814814814815
966	272.0	176.0	72.35772357723577	73.17073170731707	43.18181818181818	56.81818181818182
967	288.0	188.0	70.73170731707317	71.34146341463415	19.148936170212767	80.85106382978722
968	288.0	232.0	70.73170731707317	64.63414634146342	81.03448275862068	18.96551724137931
969	260.0	180.0	73.57723577235772	72.5609756097561	55.55555555555556	44.44444444444444
970	320.0	236.0	67.47967479674797	64.02439024390245	86.4406779661017	13.559322033898304
971	256.0	192.0	73.98373983739837	70.73170731707317	56.25	43.75
972	448.0	256.0	54.47154471544715	60.97560975609756	0.0	100.0
973	384.0	312.0	60.97560975609756	52.4390243902439	91.02564102564102	8.974358974358974
974	360.0	220.0	63.41463414634146	66.46341463414635	5.454545454545454	94.54545454545455
975	276.0	188.0	71.95121951219512	71.34146341463415	21.27659574468085	78.72340425531915
976	296.0	256.0	69.91869918699187	60.97560975609756	84.375	15.625
977	260.0	176.0	73.57723577235772	73.17073170731707	43.18181818181818	56.81818181818182
978	372.0	300.0	62.19512195121951	54.268292682926834	90.66666666666666	9.333333333333334
979	328.0	208.0	66.66666666666666	68.29268292682927	9.615384615384617	90.38461538461539
980	268.0	204.0	72.76422764227642	68.90243902439023	23.52941176470588	76.47058823529412
981	256.0	188.0	73.98373983739837	71.34146341463415	55.319148936170215	44.680851063829785
982	404.0	336.0	58.94308943089431	48.78048780487805	95.23809523809523	4.761904761904762
983	256.0	176.0	73.98373983739837	73.17073170731707	47.72727272727273	52.27272727272727
984	276.0	200.0	71.95121951219512	69.51219512195121	72.0	28.000000000000004
985	300.0	188.0	69.51219512195121	71.34146341463415	14.893617021276595	85.1063829787234
986	280.0	176.0	71.54471544715447	73.17073170731707	22.727272727272727	77.27272727272727
987	336.0	288.0	65.85365853658537	56.09756097560976	88.88888888888889	11.11111111111111
988	304.0	196.0	69.10569105691057	70.1219512195122	12.244897959183673	87.75510204081633
989	264.0	180.0	73.17073170731707	72.5609756097561	37.77777777777778	62.22222222222222
990	260.0	172.0	73.57723577235772	73.78048780487805	39.53488372093023	60.46511627906976
991	268.0	172.0	72.76422764227642	73.78048780487805	51.162790697674424	48.837209302325576
992	268.0	196.0	72.76422764227642	70.1219512195122	67.3469387755102	32.6530612244898
993	252.0	172.0	74.39024390243902	73.78048780487805	41.86046511627907	58.139534883720934
994	312.0	264.0	68.29268292682927	59.756097560975604	86.36363636363636	13.636363636363635
995	276.0	216.0	71.95121951219512	67.07317073170732	75.92592592592592	24.074074074074073
996	296.0	184.0	69.91869918699187	71.95121951219512	15.217391304347828	84.78260869565217
997	256.0	192.0	73.98373983739837	70.73170731707317	62.5	37.5
998	280.0	200.0	71.54471544715447	69.51219512195121	20.0	80.0
999	288.0	204.0	70.73170731707317	68.90243902439023	74.50980392156863	25.49019607843137
