0	424.0	280.0	56.91056910569105	57.3170731707317	10.0	90.0
1	484.0	352.0	50.81300813008131	46.34146341463415	96.5909090909091	3.4090909090909087
2	380.0	256.0	61.382113821138205	60.97560975609756	15.625	84.375
3	228.0	180.0	76.82926829268293	72.5609756097561	40.0	60.0
4	292.0	236.0	70.32520325203252	64.02439024390245	45.76271186440678	54.23728813559322
5	248.0	228.0	74.79674796747967	65.2439024390244	78.94736842105263	21.052631578947366
6	252.0	208.0	74.39024390243902	68.29268292682927	71.15384615384616	28.846153846153843
7	272.0	240.0	72.35772357723577	63.41463414634146	88.33333333333333	11.666666666666666
8	252.0	184.0	74.39024390243902	71.95121951219512	69.56521739130434	30.434782608695656
9	156.0	160.0	84.14634146341463	75.60975609756098	47.5	52.5
10	172.0	180.0	82.52032520325203	72.5609756097561	68.88888888888889	31.11111111111111
11	312.0	260.0	68.29268292682927	60.36585365853659	93.84615384615384	6.153846153846154
12	144.0	156.0	85.36585365853658	76.21951219512195	30.76923076923077	69.23076923076923
13	148.0	140.0	84.95934959349594	78.65853658536585	28.57142857142857	71.42857142857143
14	256.0	176.0	73.98373983739837	73.17073170731707	9.090909090909092	90.9090909090909
15	164.0	164.0	83.33333333333334	75.0	73.17073170731707	26.82926829268293
16	212.0	148.0	78.45528455284553	77.4390243902439	8.108108108108109	91.8918918918919
17	52.0	112.0	94.71544715447155	82.92682926829268	50.0	50.0
18	128.0	140.0	86.99186991869918	78.65853658536585	51.42857142857142	48.57142857142857
19	180.0	176.0	81.70731707317073	73.17073170731707	88.63636363636364	11.363636363636363
20	96.0	112.0	90.2439024390244	82.92682926829268	28.57142857142857	71.42857142857143
21	104.0	116.0	89.43089430894308	82.3170731707317	68.96551724137932	31.03448275862069
22	224.0	196.0	77.23577235772358	70.1219512195122	83.6734693877551	16.3265306122449
23	56.0	112.0	94.3089430894309	82.92682926829268	32.142857142857146	67.85714285714286
24	224.0	184.0	77.23577235772358	71.95121951219512	91.30434782608695	8.695652173913043
25	60.0	128.0	93.90243902439023	80.48780487804879	71.875	28.125
26	44.0	104.0	95.52845528455285	84.14634146341463	30.76923076923077	69.23076923076923
27	28.0	100.0	97.15447154471545	84.7560975609756	48.0	52.0
28	100.0	136.0	89.83739837398373	79.26829268292683	82.35294117647058	17.647058823529413
29	56.0	104.0	94.3089430894309	84.14634146341463	69.23076923076923	30.76923076923077
30	200.0	172.0	79.67479674796748	73.78048780487805	90.69767441860465	9.30232558139535
31	120.0	136.0	87.8048780487805	79.26829268292683	82.35294117647058	17.647058823529413
32	64.0	100.0	93.4959349593496	84.7560975609756	28.000000000000004	72.0
33	80.0	112.0	91.869918699187	82.92682926829268	25.0	75.0
34	40.0	104.0	95.9349593495935	84.14634146341463	38.46153846153847	61.53846153846154
35	28.0	112.0	97.15447154471545	82.92682926829268	32.142857142857146	67.85714285714286
36	20.0	92.0	97.96747967479675	85.97560975609755	47.82608695652174	52.17391304347826
37	28.0	112.0	97.15447154471545	82.92682926829268	57.14285714285714	42.857142857142854
38	64.0	96.0	93.4959349593496	85.36585365853658	45.83333333333333	54.166666666666664
39	36.0	104.0	96.34146341463415	84.14634146341463	23.076923076923077	76.92307692307693
40	32.0	104.0	96.7479674796748	84.14634146341463	76.92307692307693	23.076923076923077
41	44.0	100.0	95.52845528455285	84.7560975609756	84.0	16.0
42	24.0	88.0	97.5609756097561	86.58536585365853	50.0	50.0
43	28.0	76.0	97.15447154471545	88.41463414634147	73.68421052631578	26.31578947368421
44	8.0	80.0	99.1869918699187	87.8048780487805	65.0	35.0
45	20.0	76.0	97.96747967479675	88.41463414634147	63.1578947368421	36.84210526315789
46	192.0	156.0	80.48780487804879	76.21951219512195	5.128205128205128	94.87179487179486
47	88.0	116.0	91.05691056910568	82.3170731707317	72.41379310344827	27.586206896551722
48	12.0	84.0	98.78048780487805	87.1951219512195	42.857142857142854	57.14285714285714
49	20.0	80.0	97.96747967479675	87.8048780487805	55.00000000000001	45.0
50	84.0	108.0	91.46341463414635	83.53658536585365	37.03703703703704	62.96296296296296
51	16.0	84.0	98.3739837398374	87.1951219512195	66.66666666666666	33.33333333333333
52	32.0	96.0	96.7479674796748	85.36585365853658	66.66666666666666	33.33333333333333
53	80.0	124.0	91.869918699187	81.09756097560977	90.32258064516128	9.67741935483871
54	4.0	84.0	99.59349593495935	87.1951219512195	52.38095238095239	47.61904761904761
55	16.0	84.0	98.3739837398374	87.1951219512195	52.38095238095239	47.61904761904761
56	28.0	96.0	97.15447154471545	85.36585365853658	70.83333333333334	29.166666666666668
57	8.0	100.0	99.1869918699187	84.7560975609756	48.0	52.0
58	4.0	80.0	99.59349593495935	87.8048780487805	60.0	40.0
59	16.0	92.0	98.3739837398374	85.97560975609755	69.56521739130434	30.434782608695656
60	64.0	116.0	93.4959349593496	82.3170731707317	37.93103448275862	62.06896551724138
61	28.0	104.0	97.15447154471545	84.14634146341463	50.0	50.0
62	8.0	92.0	99.1869918699187	85.97560975609755	56.52173913043478	43.47826086956522
63	64.0	116.0	93.4959349593496	82.3170731707317	44.827586206896555	55.172413793103445
64	0.0	84.0	100.0	87.1951219512195	52.38095238095239	47.61904761904761
65	0.0	84.0	100.0	87.1951219512195	52.38095238095239	47.61904761904761
66	0.0	84.0	100.0	87.1951219512195	52.38095238095239	47.61904761904761
67	0.0	84.0	100.0	87.1951219512195	52.38095238095239	47.61904761904761
68	0.0	84.0	100.0	87.1951219512195	52.38095238095239	47.61904761904761
69	0.0	84.0	100.0	87.1951219512195	52.38095238095239	47.61904761904761
70	0.0	84.0	100.0	87.1951219512195	52.38095238095239	47.61904761904761
71	0.0	84.0	100.0	87.1951219512195	52.38095238095239	47.61904761904761
72	0.0	84.0	100.0	87.1951219512195	52.38095238095239	47.61904761904761
73	0.0	84.0	100.0	87.1951219512195	52.38095238095239	47.61904761904761
74	0.0	84.0	100.0	87.1951219512195	52.38095238095239	47.61904761904761
75	0.0	84.0	100.0	87.1951219512195	52.38095238095239	47.61904761904761
76	0.0	84.0	100.0	87.1951219512195	52.38095238095239	47.61904761904761
77	0.0	84.0	100.0	87.1951219512195	52.38095238095239	47.61904761904761
78	0.0	84.0	100.0	87.1951219512195	52.38095238095239	47.61904761904761
79	0.0	84.0	100.0	87.1951219512195	52.38095238095239	47.61904761904761
80	0.0	84.0	100.0	87.1951219512195	52.38095238095239	47.61904761904761
81	0.0	84.0	100.0	87.1951219512195	52.38095238095239	47.61904761904761
82	0.0	84.0	100.0	87.1951219512195	52.38095238095239	47.61904761904761
83	0.0	84.0	100.0	87.1951219512195	52.38095238095239	47.61904761904761
84	0.0	84.0	100.0	87.1951219512195	52.38095238095239	47.61904761904761
85	0.0	84.0	100.0	87.1951219512195	52.38095238095239	47.61904761904761
86	0.0	84.0	100.0	87.1951219512195	52.38095238095239	47.61904761904761
87	0.0	84.0	100.0	87.1951219512195	52.38095238095239	47.61904761904761
88	0.0	84.0	100.0	87.1951219512195	52.38095238095239	47.61904761904761
89	0.0	84.0	100.0	87.1951219512195	52.38095238095239	47.61904761904761
90	0.0	84.0	100.0	87.1951219512195	52.38095238095239	47.61904761904761
91	0.0	84.0	100.0	87.1951219512195	52.38095238095239	47.61904761904761
92	0.0	84.0	100.0	87.1951219512195	52.38095238095239	47.61904761904761
93	0.0	84.0	100.0	87.1951219512195	52.38095238095239	47.61904761904761
94	0.0	84.0	100.0	87.1951219512195	52.38095238095239	47.61904761904761
95	0.0	84.0	100.0	87.1951219512195	52.38095238095239	47.61904761904761
96	0.0	84.0	100.0	87.1951219512195	52.38095238095239	47.61904761904761
97	0.0	84.0	100.0	87.1951219512195	52.38095238095239	47.61904761904761
98	0.0	84.0	100.0	87.1951219512195	52.38095238095239	47.61904761904761
99	0.0	84.0	100.0	87.1951219512195	52.38095238095239	47.61904761904761
100	0.0	84.0	100.0	87.1951219512195	52.38095238095239	47.61904761904761
101	0.0	84.0	100.0	87.1951219512195	52.38095238095239	47.61904761904761
102	0.0	84.0	100.0	87.1951219512195	52.38095238095239	47.61904761904761
103	0.0	84.0	100.0	87.1951219512195	52.38095238095239	47.61904761904761
104	0.0	84.0	100.0	87.1951219512195	52.38095238095239	47.61904761904761
105	0.0	84.0	100.0	87.1951219512195	52.38095238095239	47.61904761904761
106	0.0	84.0	100.0	87.1951219512195	52.38095238095239	47.61904761904761
107	0.0	84.0	100.0	87.1951219512195	52.38095238095239	47.61904761904761
108	0.0	84.0	100.0	87.1951219512195	52.38095238095239	47.61904761904761
109	0.0	84.0	100.0	87.1951219512195	52.38095238095239	47.61904761904761
110	0.0	84.0	100.0	87.1951219512195	52.38095238095239	47.61904761904761
111	0.0	84.0	100.0	87.1951219512195	52.38095238095239	47.61904761904761
112	0.0	84.0	100.0	87.1951219512195	52.38095238095239	47.61904761904761
113	0.0	84.0	100.0	87.1951219512195	52.38095238095239	47.61904761904761
114	0.0	84.0	100.0	87.1951219512195	52.38095238095239	47.61904761904761
115	0.0	84.0	100.0	87.1951219512195	52.38095238095239	47.61904761904761
116	0.0	84.0	100.0	87.1951219512195	52.38095238095239	47.61904761904761
117	0.0	84.0	100.0	87.1951219512195	52.38095238095239	47.61904761904761
118	0.0	84.0	100.0	87.1951219512195	52.38095238095239	47.61904761904761
119	0.0	84.0	100.0	87.1951219512195	52.38095238095239	47.61904761904761
120	0.0	84.0	100.0	87.1951219512195	52.38095238095239	47.61904761904761
121	0.0	84.0	100.0	87.1951219512195	52.38095238095239	47.61904761904761
122	0.0	84.0	100.0	87.1951219512195	52.38095238095239	47.61904761904761
123	0.0	84.0	100.0	87.1951219512195	52.38095238095239	47.61904761904761
124	0.0	84.0	100.0	87.1951219512195	52.38095238095239	47.61904761904761
125	0.0	84.0	100.0	87.1951219512195	52.38095238095239	47.61904761904761
126	0.0	84.0	100.0	87.1951219512195	52.38095238095239	47.61904761904761
127	0.0	84.0	100.0	87.1951219512195	52.38095238095239	47.61904761904761
128	0.0	84.0	100.0	87.1951219512195	52.38095238095239	47.61904761904761
129	0.0	84.0	100.0	87.1951219512195	52.38095238095239	47.61904761904761
130	0.0	84.0	100.0	87.1951219512195	52.38095238095239	47.61904761904761
131	0.0	84.0	100.0	87.1951219512195	52.38095238095239	47.61904761904761
132	0.0	84.0	100.0	87.1951219512195	52.38095238095239	47.61904761904761
133	0.0	84.0	100.0	87.1951219512195	52.38095238095239	47.61904761904761
134	0.0	84.0	100.0	87.1951219512195	52.38095238095239	47.61904761904761
135	0.0	84.0	100.0	87.1951219512195	52.38095238095239	47.61904761904761
136	0.0	84.0	100.0	87.1951219512195	52.38095238095239	47.61904761904761
137	0.0	84.0	100.0	87.1951219512195	52.38095238095239	47.61904761904761
138	0.0	84.0	100.0	87.1951219512195	52.38095238095239	47.61904761904761
139	0.0	84.0	100.0	87.1951219512195	52.38095238095239	47.61904761904761
140	0.0	84.0	100.0	87.1951219512195	52.38095238095239	47.61904761904761
141	0.0	84.0	100.0	87.1951219512195	52.38095238095239	47.61904761904761
142	0.0	84.0	100.0	87.1951219512195	52.38095238095239	47.61904761904761
143	0.0	84.0	100.0	87.1951219512195	52.38095238095239	47.61904761904761
144	0.0	84.0	100.0	87.1951219512195	52.38095238095239	47.61904761904761
145	0.0	84.0	100.0	87.1951219512195	52.38095238095239	47.61904761904761
146	0.0	84.0	100.0	87.1951219512195	52.38095238095239	47.61904761904761
147	0.0	84.0	100.0	87.1951219512195	52.38095238095239	47.61904761904761
148	0.0	84.0	100.0	87.1951219512195	52.38095238095239	47.61904761904761
149	0.0	84.0	100.0	87.1951219512195	52.38095238095239	47.61904761904761
150	0.0	84.0	100.0	87.1951219512195	52.38095238095239	47.61904761904761
151	0.0	84.0	100.0	87.1951219512195	52.38095238095239	47.61904761904761
152	0.0	84.0	100.0	87.1951219512195	52.38095238095239	47.61904761904761
153	0.0	84.0	100.0	87.1951219512195	52.38095238095239	47.61904761904761
154	0.0	84.0	100.0	87.1951219512195	52.38095238095239	47.61904761904761
155	0.0	84.0	100.0	87.1951219512195	52.38095238095239	47.61904761904761
156	0.0	84.0	100.0	87.1951219512195	52.38095238095239	47.61904761904761
157	0.0	84.0	100.0	87.1951219512195	52.38095238095239	47.61904761904761
158	0.0	84.0	100.0	87.1951219512195	52.38095238095239	47.61904761904761
159	0.0	84.0	100.0	87.1951219512195	52.38095238095239	47.61904761904761
160	0.0	84.0	100.0	87.1951219512195	52.38095238095239	47.61904761904761
161	0.0	84.0	100.0	87.1951219512195	52.38095238095239	47.61904761904761
162	0.0	84.0	100.0	87.1951219512195	52.38095238095239	47.61904761904761
163	0.0	84.0	100.0	87.1951219512195	52.38095238095239	47.61904761904761
164	0.0	84.0	100.0	87.1951219512195	52.38095238095239	47.61904761904761
165	0.0	84.0	100.0	87.1951219512195	52.38095238095239	47.61904761904761
166	0.0	84.0	100.0	87.1951219512195	52.38095238095239	47.61904761904761
167	0.0	84.0	100.0	87.1951219512195	52.38095238095239	47.61904761904761
168	0.0	84.0	100.0	87.1951219512195	52.38095238095239	47.61904761904761
169	0.0	84.0	100.0	87.1951219512195	52.38095238095239	47.61904761904761
170	0.0	84.0	100.0	87.1951219512195	52.38095238095239	47.61904761904761
171	0.0	84.0	100.0	87.1951219512195	52.38095238095239	47.61904761904761
172	0.0	84.0	100.0	87.1951219512195	52.38095238095239	47.61904761904761
173	0.0	84.0	100.0	87.1951219512195	52.38095238095239	47.61904761904761
174	0.0	84.0	100.0	87.1951219512195	52.38095238095239	47.61904761904761
175	0.0	84.0	100.0	87.1951219512195	52.38095238095239	47.61904761904761
176	0.0	84.0	100.0	87.1951219512195	52.38095238095239	47.61904761904761
177	0.0	84.0	100.0	87.1951219512195	52.38095238095239	47.61904761904761
178	0.0	84.0	100.0	87.1951219512195	52.38095238095239	47.61904761904761
179	0.0	84.0	100.0	87.1951219512195	52.38095238095239	47.61904761904761
180	0.0	84.0	100.0	87.1951219512195	52.38095238095239	47.61904761904761
181	0.0	84.0	100.0	87.1951219512195	52.38095238095239	47.61904761904761
182	0.0	84.0	100.0	87.1951219512195	52.38095238095239	47.61904761904761
183	0.0	84.0	100.0	87.1951219512195	52.38095238095239	47.61904761904761
184	0.0	84.0	100.0	87.1951219512195	52.38095238095239	47.61904761904761
185	0.0	84.0	100.0	87.1951219512195	52.38095238095239	47.61904761904761
186	0.0	84.0	100.0	87.1951219512195	52.38095238095239	47.61904761904761
187	0.0	84.0	100.0	87.1951219512195	52.38095238095239	47.61904761904761
188	0.0	84.0	100.0	87.1951219512195	52.38095238095239	47.61904761904761
189	0.0	84.0	100.0	87.1951219512195	52.38095238095239	47.61904761904761
190	0.0	84.0	100.0	87.1951219512195	52.38095238095239	47.61904761904761
191	0.0	84.0	100.0	87.1951219512195	52.38095238095239	47.61904761904761
192	0.0	84.0	100.0	87.1951219512195	52.38095238095239	47.61904761904761
193	0.0	84.0	100.0	87.1951219512195	52.38095238095239	47.61904761904761
194	0.0	84.0	100.0	87.1951219512195	52.38095238095239	47.61904761904761
195	0.0	84.0	100.0	87.1951219512195	52.38095238095239	47.61904761904761
196	0.0	84.0	100.0	87.1951219512195	52.38095238095239	47.61904761904761
197	0.0	84.0	100.0	87.1951219512195	52.38095238095239	47.61904761904761
198	0.0	84.0	100.0	87.1951219512195	52.38095238095239	47.61904761904761
199	0.0	84.0	100.0	87.1951219512195	52.38095238095239	47.61904761904761
200	0.0	84.0	100.0	87.1951219512195	52.38095238095239	47.61904761904761
201	0.0	84.0	100.0	87.1951219512195	52.38095238095239	47.61904761904761
202	0.0	84.0	100.0	87.1951219512195	52.38095238095239	47.61904761904761
203	0.0	84.0	100.0	87.1951219512195	52.38095238095239	47.61904761904761
204	0.0	84.0	100.0	87.1951219512195	52.38095238095239	47.61904761904761
205	0.0	84.0	100.0	87.1951219512195	52.38095238095239	47.61904761904761
206	0.0	84.0	100.0	87.1951219512195	52.38095238095239	47.61904761904761
207	0.0	84.0	100.0	87.1951219512195	52.38095238095239	47.61904761904761
208	0.0	84.0	100.0	87.1951219512195	52.38095238095239	47.61904761904761
209	0.0	84.0	100.0	87.1951219512195	52.38095238095239	47.61904761904761
210	0.0	84.0	100.0	87.1951219512195	52.38095238095239	47.61904761904761
211	0.0	84.0	100.0	87.1951219512195	52.38095238095239	47.61904761904761
212	0.0	84.0	100.0	87.1951219512195	52.38095238095239	47.61904761904761
213	0.0	84.0	100.0	87.1951219512195	52.38095238095239	47.61904761904761
214	0.0	84.0	100.0	87.1951219512195	52.38095238095239	47.61904761904761
215	0.0	84.0	100.0	87.1951219512195	52.38095238095239	47.61904761904761
216	0.0	84.0	100.0	87.1951219512195	52.38095238095239	47.61904761904761
217	0.0	84.0	100.0	87.1951219512195	52.38095238095239	47.61904761904761
218	0.0	84.0	100.0	87.1951219512195	52.38095238095239	47.61904761904761
219	0.0	84.0	100.0	87.1951219512195	52.38095238095239	47.61904761904761
220	0.0	84.0	100.0	87.1951219512195	52.38095238095239	47.61904761904761
221	0.0	84.0	100.0	87.1951219512195	52.38095238095239	47.61904761904761
222	0.0	84.0	100.0	87.1951219512195	52.38095238095239	47.61904761904761
223	0.0	84.0	100.0	87.1951219512195	52.38095238095239	47.61904761904761
224	0.0	84.0	100.0	87.1951219512195	52.38095238095239	47.61904761904761
225	0.0	84.0	100.0	87.1951219512195	52.38095238095239	47.61904761904761
226	0.0	84.0	100.0	87.1951219512195	52.38095238095239	47.61904761904761
227	0.0	84.0	100.0	87.1951219512195	52.38095238095239	47.61904761904761
228	0.0	84.0	100.0	87.1951219512195	52.38095238095239	47.61904761904761
229	0.0	84.0	100.0	87.1951219512195	52.38095238095239	47.61904761904761
230	0.0	84.0	100.0	87.1951219512195	52.38095238095239	47.61904761904761
231	0.0	84.0	100.0	87.1951219512195	52.38095238095239	47.61904761904761
232	0.0	84.0	100.0	87.1951219512195	52.38095238095239	47.61904761904761
233	0.0	84.0	100.0	87.1951219512195	52.38095238095239	47.61904761904761
234	0.0	84.0	100.0	87.1951219512195	52.38095238095239	47.61904761904761
235	0.0	84.0	100.0	87.1951219512195	52.38095238095239	47.61904761904761
236	0.0	84.0	100.0	87.1951219512195	52.38095238095239	47.61904761904761
237	0.0	84.0	100.0	87.1951219512195	52.38095238095239	47.61904761904761
238	0.0	84.0	100.0	87.1951219512195	52.38095238095239	47.61904761904761
239	0.0	84.0	100.0	87.1951219512195	52.38095238095239	47.61904761904761
240	0.0	84.0	100.0	87.1951219512195	52.38095238095239	47.61904761904761
241	0.0	84.0	100.0	87.1951219512195	52.38095238095239	47.61904761904761
242	0.0	84.0	100.0	87.1951219512195	52.38095238095239	47.61904761904761
243	0.0	84.0	100.0	87.1951219512195	52.38095238095239	47.61904761904761
244	0.0	84.0	100.0	87.1951219512195	52.38095238095239	47.61904761904761
245	0.0	84.0	100.0	87.1951219512195	52.38095238095239	47.61904761904761
246	0.0	84.0	100.0	87.1951219512195	52.38095238095239	47.61904761904761
247	0.0	84.0	100.0	87.1951219512195	52.38095238095239	47.61904761904761
248	0.0	84.0	100.0	87.1951219512195	52.38095238095239	47.61904761904761
249	0.0	84.0	100.0	87.1951219512195	52.38095238095239	47.61904761904761
250	0.0	84.0	100.0	87.1951219512195	52.38095238095239	47.61904761904761
251	0.0	84.0	100.0	87.1951219512195	52.38095238095239	47.61904761904761
252	0.0	84.0	100.0	87.1951219512195	52.38095238095239	47.61904761904761
253	0.0	84.0	100.0	87.1951219512195	52.38095238095239	47.61904761904761
254	0.0	84.0	100.0	87.1951219512195	52.38095238095239	47.61904761904761
255	0.0	84.0	100.0	87.1951219512195	52.38095238095239	47.61904761904761
256	0.0	84.0	100.0	87.1951219512195	52.38095238095239	47.61904761904761
257	0.0	84.0	100.0	87.1951219512195	52.38095238095239	47.61904761904761
258	0.0	84.0	100.0	87.1951219512195	52.38095238095239	47.61904761904761
259	0.0	84.0	100.0	87.1951219512195	52.38095238095239	47.61904761904761
260	0.0	84.0	100.0	87.1951219512195	52.38095238095239	47.61904761904761
261	0.0	84.0	100.0	87.1951219512195	52.38095238095239	47.61904761904761
262	0.0	84.0	100.0	87.1951219512195	52.38095238095239	47.61904761904761
263	0.0	84.0	100.0	87.1951219512195	52.38095238095239	47.61904761904761
264	0.0	84.0	100.0	87.1951219512195	52.38095238095239	47.61904761904761
265	0.0	84.0	100.0	87.1951219512195	52.38095238095239	47.61904761904761
266	0.0	84.0	100.0	87.1951219512195	52.38095238095239	47.61904761904761
267	0.0	84.0	100.0	87.1951219512195	52.38095238095239	47.61904761904761
268	0.0	84.0	100.0	87.1951219512195	52.38095238095239	47.61904761904761
269	0.0	84.0	100.0	87.1951219512195	52.38095238095239	47.61904761904761
270	0.0	84.0	100.0	87.1951219512195	52.38095238095239	47.61904761904761
271	0.0	84.0	100.0	87.1951219512195	52.38095238095239	47.61904761904761
272	0.0	84.0	100.0	87.1951219512195	52.38095238095239	47.61904761904761
273	0.0	84.0	100.0	87.1951219512195	52.38095238095239	47.61904761904761
274	0.0	84.0	100.0	87.1951219512195	52.38095238095239	47.61904761904761
275	0.0	84.0	100.0	87.1951219512195	52.38095238095239	47.61904761904761
276	0.0	84.0	100.0	87.1951219512195	52.38095238095239	47.61904761904761
277	0.0	84.0	100.0	87.1951219512195	52.38095238095239	47.61904761904761
278	0.0	84.0	100.0	87.1951219512195	52.38095238095239	47.61904761904761
279	0.0	84.0	100.0	87.1951219512195	52.38095238095239	47.61904761904761
280	0.0	84.0	100.0	87.1951219512195	52.38095238095239	47.61904761904761
281	0.0	84.0	100.0	87.1951219512195	52.38095238095239	47.61904761904761
282	0.0	84.0	100.0	87.1951219512195	52.38095238095239	47.61904761904761
283	0.0	84.0	100.0	87.1951219512195	52.38095238095239	47.61904761904761
284	0.0	84.0	100.0	87.1951219512195	52.38095238095239	47.61904761904761
285	0.0	84.0	100.0	87.1951219512195	52.38095238095239	47.61904761904761
286	0.0	84.0	100.0	87.1951219512195	52.38095238095239	47.61904761904761
287	0.0	84.0	100.0	87.1951219512195	52.38095238095239	47.61904761904761
288	0.0	84.0	100.0	87.1951219512195	52.38095238095239	47.61904761904761
289	0.0	84.0	100.0	87.1951219512195	52.38095238095239	47.61904761904761
290	0.0	84.0	100.0	87.1951219512195	52.38095238095239	47.61904761904761
291	0.0	84.0	100.0	87.1951219512195	52.38095238095239	47.61904761904761
292	0.0	84.0	100.0	87.1951219512195	52.38095238095239	47.61904761904761
293	0.0	84.0	100.0	87.1951219512195	52.38095238095239	47.61904761904761
294	0.0	84.0	100.0	87.1951219512195	52.38095238095239	47.61904761904761
295	0.0	84.0	100.0	87.1951219512195	52.38095238095239	47.61904761904761
296	0.0	84.0	100.0	87.1951219512195	52.38095238095239	47.61904761904761
297	0.0	84.0	100.0	87.1951219512195	52.38095238095239	47.61904761904761
298	0.0	84.0	100.0	87.1951219512195	52.38095238095239	47.61904761904761
299	0.0	84.0	100.0	87.1951219512195	52.38095238095239	47.61904761904761
300	0.0	84.0	100.0	87.1951219512195	52.38095238095239	47.61904761904761
301	0.0	84.0	100.0	87.1951219512195	52.38095238095239	47.61904761904761
302	0.0	84.0	100.0	87.1951219512195	52.38095238095239	47.61904761904761
303	0.0	84.0	100.0	87.1951219512195	52.38095238095239	47.61904761904761
304	0.0	84.0	100.0	87.1951219512195	52.38095238095239	47.61904761904761
305	0.0	84.0	100.0	87.1951219512195	52.38095238095239	47.61904761904761
306	0.0	84.0	100.0	87.1951219512195	52.38095238095239	47.61904761904761
307	0.0	84.0	100.0	87.1951219512195	52.38095238095239	47.61904761904761
308	0.0	84.0	100.0	87.1951219512195	52.38095238095239	47.61904761904761
309	0.0	84.0	100.0	87.1951219512195	52.38095238095239	47.61904761904761
310	0.0	84.0	100.0	87.1951219512195	52.38095238095239	47.61904761904761
311	0.0	84.0	100.0	87.1951219512195	52.38095238095239	47.61904761904761
312	0.0	84.0	100.0	87.1951219512195	52.38095238095239	47.61904761904761
313	0.0	84.0	100.0	87.1951219512195	52.38095238095239	47.61904761904761
314	0.0	84.0	100.0	87.1951219512195	52.38095238095239	47.61904761904761
315	0.0	84.0	100.0	87.1951219512195	52.38095238095239	47.61904761904761
316	0.0	84.0	100.0	87.1951219512195	52.38095238095239	47.61904761904761
317	0.0	84.0	100.0	87.1951219512195	52.38095238095239	47.61904761904761
318	0.0	84.0	100.0	87.1951219512195	52.38095238095239	47.61904761904761
319	0.0	84.0	100.0	87.1951219512195	52.38095238095239	47.61904761904761
320	0.0	84.0	100.0	87.1951219512195	52.38095238095239	47.61904761904761
321	0.0	84.0	100.0	87.1951219512195	52.38095238095239	47.61904761904761
322	0.0	84.0	100.0	87.1951219512195	52.38095238095239	47.61904761904761
323	0.0	84.0	100.0	87.1951219512195	52.38095238095239	47.61904761904761
324	0.0	84.0	100.0	87.1951219512195	52.38095238095239	47.61904761904761
325	0.0	84.0	100.0	87.1951219512195	52.38095238095239	47.61904761904761
326	0.0	84.0	100.0	87.1951219512195	52.38095238095239	47.61904761904761
327	0.0	84.0	100.0	87.1951219512195	52.38095238095239	47.61904761904761
328	0.0	84.0	100.0	87.1951219512195	52.38095238095239	47.61904761904761
329	0.0	84.0	100.0	87.1951219512195	52.38095238095239	47.61904761904761
330	0.0	84.0	100.0	87.1951219512195	52.38095238095239	47.61904761904761
331	0.0	84.0	100.0	87.1951219512195	52.38095238095239	47.61904761904761
332	0.0	84.0	100.0	87.1951219512195	52.38095238095239	47.61904761904761
333	0.0	84.0	100.0	87.1951219512195	52.38095238095239	47.61904761904761
334	0.0	84.0	100.0	87.1951219512195	52.38095238095239	47.61904761904761
335	0.0	84.0	100.0	87.1951219512195	52.38095238095239	47.61904761904761
336	0.0	84.0	100.0	87.1951219512195	52.38095238095239	47.61904761904761
337	0.0	84.0	100.0	87.1951219512195	52.38095238095239	47.61904761904761
338	0.0	84.0	100.0	87.1951219512195	52.38095238095239	47.61904761904761
339	0.0	84.0	100.0	87.1951219512195	52.38095238095239	47.61904761904761
340	0.0	84.0	100.0	87.1951219512195	52.38095238095239	47.61904761904761
341	0.0	84.0	100.0	87.1951219512195	52.38095238095239	47.61904761904761
342	0.0	84.0	100.0	87.1951219512195	52.38095238095239	47.61904761904761
343	0.0	84.0	100.0	87.1951219512195	52.38095238095239	47.61904761904761
344	0.0	84.0	100.0	87.1951219512195	52.38095238095239	47.61904761904761
345	0.0	84.0	100.0	87.1951219512195	52.38095238095239	47.61904761904761
346	0.0	84.0	100.0	87.1951219512195	52.38095238095239	47.61904761904761
347	0.0	84.0	100.0	87.1951219512195	52.38095238095239	47.61904761904761
348	0.0	84.0	100.0	87.1951219512195	52.38095238095239	47.61904761904761
349	0.0	84.0	100.0	87.1951219512195	52.38095238095239	47.61904761904761
350	0.0	84.0	100.0	87.1951219512195	52.38095238095239	47.61904761904761
351	0.0	84.0	100.0	87.1951219512195	52.38095238095239	47.61904761904761
352	0.0	84.0	100.0	87.1951219512195	52.38095238095239	47.61904761904761
353	0.0	84.0	100.0	87.1951219512195	52.38095238095239	47.61904761904761
354	0.0	84.0	100.0	87.1951219512195	52.38095238095239	47.61904761904761
355	0.0	84.0	100.0	87.1951219512195	52.38095238095239	47.61904761904761
356	0.0	84.0	100.0	87.1951219512195	52.38095238095239	47.61904761904761
357	0.0	84.0	100.0	87.1951219512195	52.38095238095239	47.61904761904761
358	0.0	84.0	100.0	87.1951219512195	52.38095238095239	47.61904761904761
359	0.0	84.0	100.0	87.1951219512195	52.38095238095239	47.61904761904761
360	0.0	84.0	100.0	87.1951219512195	52.38095238095239	47.61904761904761
361	0.0	84.0	100.0	87.1951219512195	52.38095238095239	47.61904761904761
362	0.0	84.0	100.0	87.1951219512195	52.38095238095239	47.61904761904761
363	0.0	84.0	100.0	87.1951219512195	52.38095238095239	47.61904761904761
364	0.0	84.0	100.0	87.1951219512195	52.38095238095239	47.61904761904761
365	0.0	84.0	100.0	87.1951219512195	52.38095238095239	47.61904761904761
366	0.0	84.0	100.0	87.1951219512195	52.38095238095239	47.61904761904761
367	0.0	84.0	100.0	87.1951219512195	52.38095238095239	47.61904761904761
368	0.0	84.0	100.0	87.1951219512195	52.38095238095239	47.61904761904761
369	0.0	84.0	100.0	87.1951219512195	52.38095238095239	47.61904761904761
370	0.0	84.0	100.0	87.1951219512195	52.38095238095239	47.61904761904761
371	0.0	84.0	100.0	87.1951219512195	52.38095238095239	47.61904761904761
372	0.0	84.0	100.0	87.1951219512195	52.38095238095239	47.61904761904761
373	0.0	84.0	100.0	87.1951219512195	52.38095238095239	47.61904761904761
374	0.0	84.0	100.0	87.1951219512195	52.38095238095239	47.61904761904761
375	0.0	84.0	100.0	87.1951219512195	52.38095238095239	47.61904761904761
376	0.0	84.0	100.0	87.1951219512195	52.38095238095239	47.61904761904761
377	0.0	84.0	100.0	87.1951219512195	52.38095238095239	47.61904761904761
378	0.0	84.0	100.0	87.1951219512195	52.38095238095239	47.61904761904761
379	0.0	84.0	100.0	87.1951219512195	52.38095238095239	47.61904761904761
380	0.0	84.0	100.0	87.1951219512195	52.38095238095239	47.61904761904761
381	0.0	84.0	100.0	87.1951219512195	52.38095238095239	47.61904761904761
382	0.0	84.0	100.0	87.1951219512195	52.38095238095239	47.61904761904761
383	0.0	84.0	100.0	87.1951219512195	52.38095238095239	47.61904761904761
384	0.0	84.0	100.0	87.1951219512195	52.38095238095239	47.61904761904761
385	0.0	84.0	100.0	87.1951219512195	52.38095238095239	47.61904761904761
386	0.0	84.0	100.0	87.1951219512195	52.38095238095239	47.61904761904761
387	0.0	84.0	100.0	87.1951219512195	52.38095238095239	47.61904761904761
388	0.0	84.0	100.0	87.1951219512195	52.38095238095239	47.61904761904761
389	0.0	84.0	100.0	87.1951219512195	52.38095238095239	47.61904761904761
390	0.0	84.0	100.0	87.1951219512195	52.38095238095239	47.61904761904761
391	0.0	84.0	100.0	87.1951219512195	52.38095238095239	47.61904761904761
392	0.0	84.0	100.0	87.1951219512195	52.38095238095239	47.61904761904761
393	0.0	84.0	100.0	87.1951219512195	52.38095238095239	47.61904761904761
394	0.0	84.0	100.0	87.1951219512195	52.38095238095239	47.61904761904761
395	0.0	84.0	100.0	87.1951219512195	52.38095238095239	47.61904761904761
396	0.0	84.0	100.0	87.1951219512195	52.38095238095239	47.61904761904761
397	0.0	84.0	100.0	87.1951219512195	52.38095238095239	47.61904761904761
398	0.0	84.0	100.0	87.1951219512195	52.38095238095239	47.61904761904761
399	0.0	84.0	100.0	87.1951219512195	52.38095238095239	47.61904761904761
400	0.0	84.0	100.0	87.1951219512195	52.38095238095239	47.61904761904761
401	0.0	84.0	100.0	87.1951219512195	52.38095238095239	47.61904761904761
402	0.0	84.0	100.0	87.1951219512195	52.38095238095239	47.61904761904761
403	0.0	84.0	100.0	87.1951219512195	52.38095238095239	47.61904761904761
404	0.0	84.0	100.0	87.1951219512195	52.38095238095239	47.61904761904761
405	0.0	84.0	100.0	87.1951219512195	52.38095238095239	47.61904761904761
406	0.0	84.0	100.0	87.1951219512195	52.38095238095239	47.61904761904761
407	0.0	84.0	100.0	87.1951219512195	52.38095238095239	47.61904761904761
408	0.0	84.0	100.0	87.1951219512195	52.38095238095239	47.61904761904761
409	0.0	84.0	100.0	87.1951219512195	52.38095238095239	47.61904761904761
410	0.0	84.0	100.0	87.1951219512195	52.38095238095239	47.61904761904761
411	0.0	84.0	100.0	87.1951219512195	52.38095238095239	47.61904761904761
412	0.0	84.0	100.0	87.1951219512195	52.38095238095239	47.61904761904761
413	0.0	84.0	100.0	87.1951219512195	52.38095238095239	47.61904761904761
414	0.0	84.0	100.0	87.1951219512195	52.38095238095239	47.61904761904761
415	0.0	84.0	100.0	87.1951219512195	52.38095238095239	47.61904761904761
416	0.0	84.0	100.0	87.1951219512195	52.38095238095239	47.61904761904761
417	0.0	84.0	100.0	87.1951219512195	52.38095238095239	47.61904761904761
418	0.0	84.0	100.0	87.1951219512195	52.38095238095239	47.61904761904761
419	0.0	84.0	100.0	87.1951219512195	52.38095238095239	47.61904761904761
420	0.0	84.0	100.0	87.1951219512195	52.38095238095239	47.61904761904761
421	0.0	84.0	100.0	87.1951219512195	52.38095238095239	47.61904761904761
422	0.0	84.0	100.0	87.1951219512195	52.38095238095239	47.61904761904761
423	0.0	84.0	100.0	87.1951219512195	52.38095238095239	47.61904761904761
424	0.0	84.0	100.0	87.1951219512195	52.38095238095239	47.61904761904761
425	0.0	84.0	100.0	87.1951219512195	52.38095238095239	47.61904761904761
426	0.0	84.0	100.0	87.1951219512195	52.38095238095239	47.61904761904761
427	0.0	84.0	100.0	87.1951219512195	52.38095238095239	47.61904761904761
428	0.0	84.0	100.0	87.1951219512195	52.38095238095239	47.61904761904761
429	0.0	84.0	100.0	87.1951219512195	52.38095238095239	47.61904761904761
430	0.0	84.0	100.0	87.1951219512195	52.38095238095239	47.61904761904761
431	0.0	84.0	100.0	87.1951219512195	52.38095238095239	47.61904761904761
432	0.0	84.0	100.0	87.1951219512195	52.38095238095239	47.61904761904761
433	0.0	84.0	100.0	87.1951219512195	52.38095238095239	47.61904761904761
434	0.0	84.0	100.0	87.1951219512195	52.38095238095239	47.61904761904761
435	0.0	84.0	100.0	87.1951219512195	52.38095238095239	47.61904761904761
436	0.0	84.0	100.0	87.1951219512195	52.38095238095239	47.61904761904761
437	0.0	84.0	100.0	87.1951219512195	52.38095238095239	47.61904761904761
438	0.0	84.0	100.0	87.1951219512195	52.38095238095239	47.61904761904761
439	0.0	84.0	100.0	87.1951219512195	52.38095238095239	47.61904761904761
440	0.0	84.0	100.0	87.1951219512195	52.38095238095239	47.61904761904761
441	0.0	84.0	100.0	87.1951219512195	52.38095238095239	47.61904761904761
442	0.0	84.0	100.0	87.1951219512195	52.38095238095239	47.61904761904761
443	0.0	84.0	100.0	87.1951219512195	52.38095238095239	47.61904761904761
444	0.0	84.0	100.0	87.1951219512195	52.38095238095239	47.61904761904761
445	0.0	84.0	100.0	87.1951219512195	52.38095238095239	47.61904761904761
446	0.0	84.0	100.0	87.1951219512195	52.38095238095239	47.61904761904761
447	0.0	84.0	100.0	87.1951219512195	52.38095238095239	47.61904761904761
448	0.0	84.0	100.0	87.1951219512195	52.38095238095239	47.61904761904761
449	0.0	84.0	100.0	87.1951219512195	52.38095238095239	47.61904761904761
450	0.0	84.0	100.0	87.1951219512195	52.38095238095239	47.61904761904761
451	0.0	84.0	100.0	87.1951219512195	52.38095238095239	47.61904761904761
452	0.0	84.0	100.0	87.1951219512195	52.38095238095239	47.61904761904761
453	0.0	84.0	100.0	87.1951219512195	52.38095238095239	47.61904761904761
454	0.0	84.0	100.0	87.1951219512195	52.38095238095239	47.61904761904761
455	0.0	84.0	100.0	87.1951219512195	52.38095238095239	47.61904761904761
456	0.0	84.0	100.0	87.1951219512195	52.38095238095239	47.61904761904761
457	0.0	84.0	100.0	87.1951219512195	52.38095238095239	47.61904761904761
458	0.0	84.0	100.0	87.1951219512195	52.38095238095239	47.61904761904761
459	0.0	84.0	100.0	87.1951219512195	52.38095238095239	47.61904761904761
460	0.0	84.0	100.0	87.1951219512195	52.38095238095239	47.61904761904761
461	0.0	84.0	100.0	87.1951219512195	52.38095238095239	47.61904761904761
462	0.0	84.0	100.0	87.1951219512195	52.38095238095239	47.61904761904761
463	0.0	84.0	100.0	87.1951219512195	52.38095238095239	47.61904761904761
464	0.0	84.0	100.0	87.1951219512195	52.38095238095239	47.61904761904761
465	0.0	84.0	100.0	87.1951219512195	52.38095238095239	47.61904761904761
466	0.0	84.0	100.0	87.1951219512195	52.38095238095239	47.61904761904761
467	0.0	84.0	100.0	87.1951219512195	52.38095238095239	47.61904761904761
468	0.0	84.0	100.0	87.1951219512195	52.38095238095239	47.61904761904761
469	0.0	84.0	100.0	87.1951219512195	52.38095238095239	47.61904761904761
470	0.0	84.0	100.0	87.1951219512195	52.38095238095239	47.61904761904761
471	0.0	84.0	100.0	87.1951219512195	52.38095238095239	47.61904761904761
472	0.0	84.0	100.0	87.1951219512195	52.38095238095239	47.61904761904761
473	0.0	84.0	100.0	87.1951219512195	52.38095238095239	47.61904761904761
474	0.0	84.0	100.0	87.1951219512195	52.38095238095239	47.61904761904761
475	0.0	84.0	100.0	87.1951219512195	52.38095238095239	47.61904761904761
476	0.0	84.0	100.0	87.1951219512195	52.38095238095239	47.61904761904761
477	0.0	84.0	100.0	87.1951219512195	52.38095238095239	47.61904761904761
478	0.0	84.0	100.0	87.1951219512195	52.38095238095239	47.61904761904761
479	0.0	84.0	100.0	87.1951219512195	52.38095238095239	47.61904761904761
480	0.0	84.0	100.0	87.1951219512195	52.38095238095239	47.61904761904761
481	0.0	84.0	100.0	87.1951219512195	52.38095238095239	47.61904761904761
482	0.0	84.0	100.0	87.1951219512195	52.38095238095239	47.61904761904761
483	0.0	84.0	100.0	87.1951219512195	52.38095238095239	47.61904761904761
484	0.0	84.0	100.0	87.1951219512195	52.38095238095239	47.61904761904761
485	0.0	84.0	100.0	87.1951219512195	52.38095238095239	47.61904761904761
486	0.0	84.0	100.0	87.1951219512195	52.38095238095239	47.61904761904761
487	0.0	84.0	100.0	87.1951219512195	52.38095238095239	47.61904761904761
488	0.0	84.0	100.0	87.1951219512195	52.38095238095239	47.61904761904761
489	0.0	84.0	100.0	87.1951219512195	52.38095238095239	47.61904761904761
490	0.0	84.0	100.0	87.1951219512195	52.38095238095239	47.61904761904761
491	0.0	84.0	100.0	87.1951219512195	52.38095238095239	47.61904761904761
492	0.0	84.0	100.0	87.1951219512195	52.38095238095239	47.61904761904761
493	0.0	84.0	100.0	87.1951219512195	52.38095238095239	47.61904761904761
494	0.0	84.0	100.0	87.1951219512195	52.38095238095239	47.61904761904761
495	0.0	84.0	100.0	87.1951219512195	52.38095238095239	47.61904761904761
496	0.0	84.0	100.0	87.1951219512195	52.38095238095239	47.61904761904761
497	0.0	84.0	100.0	87.1951219512195	52.38095238095239	47.61904761904761
498	0.0	84.0	100.0	87.1951219512195	52.38095238095239	47.61904761904761
499	0.0	84.0	100.0	87.1951219512195	52.38095238095239	47.61904761904761
500	0.0	84.0	100.0	87.1951219512195	52.38095238095239	47.61904761904761
501	0.0	84.0	100.0	87.1951219512195	52.38095238095239	47.61904761904761
502	0.0	84.0	100.0	87.1951219512195	52.38095238095239	47.61904761904761
503	0.0	84.0	100.0	87.1951219512195	52.38095238095239	47.61904761904761
504	0.0	84.0	100.0	87.1951219512195	52.38095238095239	47.61904761904761
505	0.0	84.0	100.0	87.1951219512195	52.38095238095239	47.61904761904761
506	0.0	84.0	100.0	87.1951219512195	52.38095238095239	47.61904761904761
507	0.0	84.0	100.0	87.1951219512195	52.38095238095239	47.61904761904761
508	0.0	84.0	100.0	87.1951219512195	52.38095238095239	47.61904761904761
509	0.0	84.0	100.0	87.1951219512195	52.38095238095239	47.61904761904761
510	0.0	84.0	100.0	87.1951219512195	52.38095238095239	47.61904761904761
511	0.0	84.0	100.0	87.1951219512195	52.38095238095239	47.61904761904761
512	0.0	84.0	100.0	87.1951219512195	52.38095238095239	47.61904761904761
513	0.0	84.0	100.0	87.1951219512195	52.38095238095239	47.61904761904761
514	0.0	84.0	100.0	87.1951219512195	52.38095238095239	47.61904761904761
515	0.0	84.0	100.0	87.1951219512195	52.38095238095239	47.61904761904761
516	0.0	84.0	100.0	87.1951219512195	52.38095238095239	47.61904761904761
517	0.0	84.0	100.0	87.1951219512195	52.38095238095239	47.61904761904761
518	0.0	84.0	100.0	87.1951219512195	52.38095238095239	47.61904761904761
519	0.0	84.0	100.0	87.1951219512195	52.38095238095239	47.61904761904761
520	0.0	84.0	100.0	87.1951219512195	52.38095238095239	47.61904761904761
521	0.0	84.0	100.0	87.1951219512195	52.38095238095239	47.61904761904761
522	0.0	84.0	100.0	87.1951219512195	52.38095238095239	47.61904761904761
523	0.0	84.0	100.0	87.1951219512195	52.38095238095239	47.61904761904761
524	0.0	84.0	100.0	87.1951219512195	52.38095238095239	47.61904761904761
525	0.0	84.0	100.0	87.1951219512195	52.38095238095239	47.61904761904761
526	0.0	84.0	100.0	87.1951219512195	52.38095238095239	47.61904761904761
527	0.0	84.0	100.0	87.1951219512195	52.38095238095239	47.61904761904761
528	0.0	84.0	100.0	87.1951219512195	52.38095238095239	47.61904761904761
529	0.0	84.0	100.0	87.1951219512195	52.38095238095239	47.61904761904761
530	0.0	84.0	100.0	87.1951219512195	52.38095238095239	47.61904761904761
531	0.0	84.0	100.0	87.1951219512195	52.38095238095239	47.61904761904761
532	0.0	84.0	100.0	87.1951219512195	52.38095238095239	47.61904761904761
533	0.0	84.0	100.0	87.1951219512195	52.38095238095239	47.61904761904761
534	0.0	84.0	100.0	87.1951219512195	52.38095238095239	47.61904761904761
535	0.0	84.0	100.0	87.1951219512195	52.38095238095239	47.61904761904761
536	0.0	84.0	100.0	87.1951219512195	52.38095238095239	47.61904761904761
537	0.0	84.0	100.0	87.1951219512195	52.38095238095239	47.61904761904761
538	0.0	84.0	100.0	87.1951219512195	52.38095238095239	47.61904761904761
539	0.0	84.0	100.0	87.1951219512195	52.38095238095239	47.61904761904761
540	0.0	84.0	100.0	87.1951219512195	52.38095238095239	47.61904761904761
541	0.0	84.0	100.0	87.1951219512195	52.38095238095239	47.61904761904761
542	0.0	84.0	100.0	87.1951219512195	52.38095238095239	47.61904761904761
543	0.0	84.0	100.0	87.1951219512195	52.38095238095239	47.61904761904761
544	0.0	84.0	100.0	87.1951219512195	52.38095238095239	47.61904761904761
545	0.0	84.0	100.0	87.1951219512195	52.38095238095239	47.61904761904761
546	0.0	84.0	100.0	87.1951219512195	52.38095238095239	47.61904761904761
547	0.0	84.0	100.0	87.1951219512195	52.38095238095239	47.61904761904761
548	0.0	84.0	100.0	87.1951219512195	52.38095238095239	47.61904761904761
549	0.0	84.0	100.0	87.1951219512195	52.38095238095239	47.61904761904761
550	0.0	84.0	100.0	87.1951219512195	52.38095238095239	47.61904761904761
551	0.0	84.0	100.0	87.1951219512195	52.38095238095239	47.61904761904761
552	0.0	84.0	100.0	87.1951219512195	52.38095238095239	47.61904761904761
553	0.0	84.0	100.0	87.1951219512195	52.38095238095239	47.61904761904761
554	0.0	84.0	100.0	87.1951219512195	52.38095238095239	47.61904761904761
555	0.0	84.0	100.0	87.1951219512195	52.38095238095239	47.61904761904761
556	0.0	84.0	100.0	87.1951219512195	52.38095238095239	47.61904761904761
557	0.0	84.0	100.0	87.1951219512195	52.38095238095239	47.61904761904761
558	0.0	84.0	100.0	87.1951219512195	52.38095238095239	47.61904761904761
559	0.0	84.0	100.0	87.1951219512195	52.38095238095239	47.61904761904761
560	0.0	84.0	100.0	87.1951219512195	52.38095238095239	47.61904761904761
561	0.0	84.0	100.0	87.1951219512195	52.38095238095239	47.61904761904761
562	0.0	84.0	100.0	87.1951219512195	52.38095238095239	47.61904761904761
563	0.0	84.0	100.0	87.1951219512195	52.38095238095239	47.61904761904761
564	0.0	84.0	100.0	87.1951219512195	52.38095238095239	47.61904761904761
565	0.0	84.0	100.0	87.1951219512195	52.38095238095239	47.61904761904761
566	0.0	84.0	100.0	87.1951219512195	52.38095238095239	47.61904761904761
567	0.0	84.0	100.0	87.1951219512195	52.38095238095239	47.61904761904761
568	0.0	84.0	100.0	87.1951219512195	52.38095238095239	47.61904761904761
569	0.0	84.0	100.0	87.1951219512195	52.38095238095239	47.61904761904761
570	0.0	84.0	100.0	87.1951219512195	52.38095238095239	47.61904761904761
571	0.0	84.0	100.0	87.1951219512195	52.38095238095239	47.61904761904761
572	0.0	84.0	100.0	87.1951219512195	52.38095238095239	47.61904761904761
573	0.0	84.0	100.0	87.1951219512195	52.38095238095239	47.61904761904761
574	0.0	84.0	100.0	87.1951219512195	52.38095238095239	47.61904761904761
575	0.0	84.0	100.0	87.1951219512195	52.38095238095239	47.61904761904761
576	0.0	84.0	100.0	87.1951219512195	52.38095238095239	47.61904761904761
577	0.0	84.0	100.0	87.1951219512195	52.38095238095239	47.61904761904761
578	0.0	84.0	100.0	87.1951219512195	52.38095238095239	47.61904761904761
579	0.0	84.0	100.0	87.1951219512195	52.38095238095239	47.61904761904761
580	0.0	84.0	100.0	87.1951219512195	52.38095238095239	47.61904761904761
581	0.0	84.0	100.0	87.1951219512195	52.38095238095239	47.61904761904761
582	0.0	84.0	100.0	87.1951219512195	52.38095238095239	47.61904761904761
583	0.0	84.0	100.0	87.1951219512195	52.38095238095239	47.61904761904761
584	0.0	84.0	100.0	87.1951219512195	52.38095238095239	47.61904761904761
585	0.0	84.0	100.0	87.1951219512195	52.38095238095239	47.61904761904761
586	0.0	84.0	100.0	87.1951219512195	52.38095238095239	47.61904761904761
587	0.0	84.0	100.0	87.1951219512195	52.38095238095239	47.61904761904761
588	0.0	84.0	100.0	87.1951219512195	52.38095238095239	47.61904761904761
589	0.0	84.0	100.0	87.1951219512195	52.38095238095239	47.61904761904761
590	0.0	84.0	100.0	87.1951219512195	52.38095238095239	47.61904761904761
591	0.0	84.0	100.0	87.1951219512195	52.38095238095239	47.61904761904761
592	0.0	84.0	100.0	87.1951219512195	52.38095238095239	47.61904761904761
593	0.0	84.0	100.0	87.1951219512195	52.38095238095239	47.61904761904761
594	0.0	84.0	100.0	87.1951219512195	52.38095238095239	47.61904761904761
595	0.0	84.0	100.0	87.1951219512195	52.38095238095239	47.61904761904761
596	0.0	84.0	100.0	87.1951219512195	52.38095238095239	47.61904761904761
597	0.0	84.0	100.0	87.1951219512195	52.38095238095239	47.61904761904761
598	0.0	84.0	100.0	87.1951219512195	52.38095238095239	47.61904761904761
599	0.0	84.0	100.0	87.1951219512195	52.38095238095239	47.61904761904761
600	0.0	84.0	100.0	87.1951219512195	52.38095238095239	47.61904761904761
601	0.0	84.0	100.0	87.1951219512195	52.38095238095239	47.61904761904761
602	0.0	84.0	100.0	87.1951219512195	52.38095238095239	47.61904761904761
603	0.0	84.0	100.0	87.1951219512195	52.38095238095239	47.61904761904761
604	0.0	84.0	100.0	87.1951219512195	52.38095238095239	47.61904761904761
605	0.0	84.0	100.0	87.1951219512195	52.38095238095239	47.61904761904761
606	0.0	84.0	100.0	87.1951219512195	52.38095238095239	47.61904761904761
607	0.0	84.0	100.0	87.1951219512195	52.38095238095239	47.61904761904761
608	0.0	84.0	100.0	87.1951219512195	52.38095238095239	47.61904761904761
609	0.0	84.0	100.0	87.1951219512195	52.38095238095239	47.61904761904761
610	0.0	84.0	100.0	87.1951219512195	52.38095238095239	47.61904761904761
611	0.0	84.0	100.0	87.1951219512195	52.38095238095239	47.61904761904761
612	0.0	84.0	100.0	87.1951219512195	52.38095238095239	47.61904761904761
613	0.0	84.0	100.0	87.1951219512195	52.38095238095239	47.61904761904761
614	0.0	84.0	100.0	87.1951219512195	52.38095238095239	47.61904761904761
615	0.0	84.0	100.0	87.1951219512195	52.38095238095239	47.61904761904761
616	0.0	84.0	100.0	87.1951219512195	52.38095238095239	47.61904761904761
617	0.0	84.0	100.0	87.1951219512195	52.38095238095239	47.61904761904761
618	0.0	84.0	100.0	87.1951219512195	52.38095238095239	47.61904761904761
619	0.0	84.0	100.0	87.1951219512195	52.38095238095239	47.61904761904761
620	0.0	84.0	100.0	87.1951219512195	52.38095238095239	47.61904761904761
621	0.0	84.0	100.0	87.1951219512195	52.38095238095239	47.61904761904761
622	0.0	84.0	100.0	87.1951219512195	52.38095238095239	47.61904761904761
623	0.0	84.0	100.0	87.1951219512195	52.38095238095239	47.61904761904761
624	0.0	84.0	100.0	87.1951219512195	52.38095238095239	47.61904761904761
625	0.0	84.0	100.0	87.1951219512195	52.38095238095239	47.61904761904761
626	0.0	84.0	100.0	87.1951219512195	52.38095238095239	47.61904761904761
627	0.0	84.0	100.0	87.1951219512195	52.38095238095239	47.61904761904761
628	0.0	84.0	100.0	87.1951219512195	52.38095238095239	47.61904761904761
629	0.0	84.0	100.0	87.1951219512195	52.38095238095239	47.61904761904761
630	0.0	84.0	100.0	87.1951219512195	52.38095238095239	47.61904761904761
631	0.0	84.0	100.0	87.1951219512195	52.38095238095239	47.61904761904761
632	0.0	84.0	100.0	87.1951219512195	52.38095238095239	47.61904761904761
633	0.0	84.0	100.0	87.1951219512195	52.38095238095239	47.61904761904761
634	0.0	84.0	100.0	87.1951219512195	52.38095238095239	47.61904761904761
635	0.0	84.0	100.0	87.1951219512195	52.38095238095239	47.61904761904761
636	0.0	84.0	100.0	87.1951219512195	52.38095238095239	47.61904761904761
637	0.0	84.0	100.0	87.1951219512195	52.38095238095239	47.61904761904761
638	0.0	84.0	100.0	87.1951219512195	52.38095238095239	47.61904761904761
639	0.0	84.0	100.0	87.1951219512195	52.38095238095239	47.61904761904761
640	0.0	84.0	100.0	87.1951219512195	52.38095238095239	47.61904761904761
641	0.0	84.0	100.0	87.1951219512195	52.38095238095239	47.61904761904761
642	0.0	84.0	100.0	87.1951219512195	52.38095238095239	47.61904761904761
643	0.0	84.0	100.0	87.1951219512195	52.38095238095239	47.61904761904761
644	0.0	84.0	100.0	87.1951219512195	52.38095238095239	47.61904761904761
645	0.0	84.0	100.0	87.1951219512195	52.38095238095239	47.61904761904761
646	0.0	84.0	100.0	87.1951219512195	52.38095238095239	47.61904761904761
647	0.0	84.0	100.0	87.1951219512195	52.38095238095239	47.61904761904761
648	0.0	84.0	100.0	87.1951219512195	52.38095238095239	47.61904761904761
649	0.0	84.0	100.0	87.1951219512195	52.38095238095239	47.61904761904761
650	0.0	84.0	100.0	87.1951219512195	52.38095238095239	47.61904761904761
651	0.0	84.0	100.0	87.1951219512195	52.38095238095239	47.61904761904761
652	0.0	84.0	100.0	87.1951219512195	52.38095238095239	47.61904761904761
653	0.0	84.0	100.0	87.1951219512195	52.38095238095239	47.61904761904761
654	0.0	84.0	100.0	87.1951219512195	52.38095238095239	47.61904761904761
655	0.0	84.0	100.0	87.1951219512195	52.38095238095239	47.61904761904761
656	0.0	84.0	100.0	87.1951219512195	52.38095238095239	47.61904761904761
657	0.0	84.0	100.0	87.1951219512195	52.38095238095239	47.61904761904761
658	0.0	84.0	100.0	87.1951219512195	52.38095238095239	47.61904761904761
659	0.0	84.0	100.0	87.1951219512195	52.38095238095239	47.61904761904761
660	0.0	84.0	100.0	87.1951219512195	52.38095238095239	47.61904761904761
661	0.0	84.0	100.0	87.1951219512195	52.38095238095239	47.61904761904761
662	0.0	84.0	100.0	87.1951219512195	52.38095238095239	47.61904761904761
663	0.0	84.0	100.0	87.1951219512195	52.38095238095239	47.61904761904761
664	0.0	84.0	100.0	87.1951219512195	52.38095238095239	47.61904761904761
665	0.0	84.0	100.0	87.1951219512195	52.38095238095239	47.61904761904761
666	0.0	84.0	100.0	87.1951219512195	52.38095238095239	47.61904761904761
667	0.0	84.0	100.0	87.1951219512195	52.38095238095239	47.61904761904761
668	0.0	84.0	100.0	87.1951219512195	52.38095238095239	47.61904761904761
669	0.0	84.0	100.0	87.1951219512195	52.38095238095239	47.61904761904761
670	0.0	84.0	100.0	87.1951219512195	52.38095238095239	47.61904761904761
671	0.0	84.0	100.0	87.1951219512195	52.38095238095239	47.61904761904761
672	0.0	84.0	100.0	87.1951219512195	52.38095238095239	47.61904761904761
673	0.0	84.0	100.0	87.1951219512195	52.38095238095239	47.61904761904761
674	0.0	84.0	100.0	87.1951219512195	52.38095238095239	47.61904761904761
675	0.0	84.0	100.0	87.1951219512195	52.38095238095239	47.61904761904761
676	0.0	84.0	100.0	87.1951219512195	52.38095238095239	47.61904761904761
677	0.0	84.0	100.0	87.1951219512195	52.38095238095239	47.61904761904761
678	0.0	84.0	100.0	87.1951219512195	52.38095238095239	47.61904761904761
679	0.0	84.0	100.0	87.1951219512195	52.38095238095239	47.61904761904761
680	0.0	84.0	100.0	87.1951219512195	52.38095238095239	47.61904761904761
681	0.0	84.0	100.0	87.1951219512195	52.38095238095239	47.61904761904761
682	0.0	84.0	100.0	87.1951219512195	52.38095238095239	47.61904761904761
683	0.0	84.0	100.0	87.1951219512195	52.38095238095239	47.61904761904761
684	0.0	84.0	100.0	87.1951219512195	52.38095238095239	47.61904761904761
685	0.0	84.0	100.0	87.1951219512195	52.38095238095239	47.61904761904761
686	0.0	84.0	100.0	87.1951219512195	52.38095238095239	47.61904761904761
687	0.0	84.0	100.0	87.1951219512195	52.38095238095239	47.61904761904761
688	0.0	84.0	100.0	87.1951219512195	52.38095238095239	47.61904761904761
689	0.0	84.0	100.0	87.1951219512195	52.38095238095239	47.61904761904761
690	0.0	84.0	100.0	87.1951219512195	52.38095238095239	47.61904761904761
691	0.0	84.0	100.0	87.1951219512195	52.38095238095239	47.61904761904761
692	0.0	84.0	100.0	87.1951219512195	52.38095238095239	47.61904761904761
693	0.0	84.0	100.0	87.1951219512195	52.38095238095239	47.61904761904761
694	0.0	84.0	100.0	87.1951219512195	52.38095238095239	47.61904761904761
695	0.0	84.0	100.0	87.1951219512195	52.38095238095239	47.61904761904761
696	0.0	84.0	100.0	87.1951219512195	52.38095238095239	47.61904761904761
697	0.0	84.0	100.0	87.1951219512195	52.38095238095239	47.61904761904761
698	0.0	84.0	100.0	87.1951219512195	52.38095238095239	47.61904761904761
699	0.0	84.0	100.0	87.1951219512195	52.38095238095239	47.61904761904761
700	0.0	84.0	100.0	87.1951219512195	52.38095238095239	47.61904761904761
701	0.0	84.0	100.0	87.1951219512195	52.38095238095239	47.61904761904761
702	0.0	84.0	100.0	87.1951219512195	52.38095238095239	47.61904761904761
703	0.0	84.0	100.0	87.1951219512195	52.38095238095239	47.61904761904761
704	0.0	84.0	100.0	87.1951219512195	52.38095238095239	47.61904761904761
705	0.0	84.0	100.0	87.1951219512195	52.38095238095239	47.61904761904761
706	0.0	84.0	100.0	87.1951219512195	52.38095238095239	47.61904761904761
707	0.0	84.0	100.0	87.1951219512195	52.38095238095239	47.61904761904761
708	0.0	84.0	100.0	87.1951219512195	52.38095238095239	47.61904761904761
709	0.0	84.0	100.0	87.1951219512195	52.38095238095239	47.61904761904761
710	0.0	84.0	100.0	87.1951219512195	52.38095238095239	47.61904761904761
711	0.0	84.0	100.0	87.1951219512195	52.38095238095239	47.61904761904761
712	0.0	84.0	100.0	87.1951219512195	52.38095238095239	47.61904761904761
713	0.0	84.0	100.0	87.1951219512195	52.38095238095239	47.61904761904761
714	0.0	84.0	100.0	87.1951219512195	52.38095238095239	47.61904761904761
715	0.0	84.0	100.0	87.1951219512195	52.38095238095239	47.61904761904761
716	0.0	84.0	100.0	87.1951219512195	52.38095238095239	47.61904761904761
717	0.0	84.0	100.0	87.1951219512195	52.38095238095239	47.61904761904761
718	0.0	84.0	100.0	87.1951219512195	52.38095238095239	47.61904761904761
719	0.0	84.0	100.0	87.1951219512195	52.38095238095239	47.61904761904761
720	0.0	84.0	100.0	87.1951219512195	52.38095238095239	47.61904761904761
721	0.0	84.0	100.0	87.1951219512195	52.38095238095239	47.61904761904761
722	0.0	84.0	100.0	87.1951219512195	52.38095238095239	47.61904761904761
723	0.0	84.0	100.0	87.1951219512195	52.38095238095239	47.61904761904761
724	0.0	84.0	100.0	87.1951219512195	52.38095238095239	47.61904761904761
725	0.0	84.0	100.0	87.1951219512195	52.38095238095239	47.61904761904761
726	0.0	84.0	100.0	87.1951219512195	52.38095238095239	47.61904761904761
727	0.0	84.0	100.0	87.1951219512195	52.38095238095239	47.61904761904761
728	0.0	84.0	100.0	87.1951219512195	52.38095238095239	47.61904761904761
729	0.0	84.0	100.0	87.1951219512195	52.38095238095239	47.61904761904761
730	0.0	84.0	100.0	87.1951219512195	52.38095238095239	47.61904761904761
731	0.0	84.0	100.0	87.1951219512195	52.38095238095239	47.61904761904761
732	0.0	84.0	100.0	87.1951219512195	52.38095238095239	47.61904761904761
733	0.0	84.0	100.0	87.1951219512195	52.38095238095239	47.61904761904761
734	0.0	84.0	100.0	87.1951219512195	52.38095238095239	47.61904761904761
735	0.0	84.0	100.0	87.1951219512195	52.38095238095239	47.61904761904761
736	0.0	84.0	100.0	87.1951219512195	52.38095238095239	47.61904761904761
737	0.0	84.0	100.0	87.1951219512195	52.38095238095239	47.61904761904761
738	0.0	84.0	100.0	87.1951219512195	52.38095238095239	47.61904761904761
739	0.0	84.0	100.0	87.1951219512195	52.38095238095239	47.61904761904761
740	0.0	84.0	100.0	87.1951219512195	52.38095238095239	47.61904761904761
741	0.0	84.0	100.0	87.1951219512195	52.38095238095239	47.61904761904761
742	0.0	84.0	100.0	87.1951219512195	52.38095238095239	47.61904761904761
743	0.0	84.0	100.0	87.1951219512195	52.38095238095239	47.61904761904761
744	0.0	84.0	100.0	87.1951219512195	52.38095238095239	47.61904761904761
745	0.0	84.0	100.0	87.1951219512195	52.38095238095239	47.61904761904761
746	0.0	84.0	100.0	87.1951219512195	52.38095238095239	47.61904761904761
747	0.0	84.0	100.0	87.1951219512195	52.38095238095239	47.61904761904761
748	0.0	84.0	100.0	87.1951219512195	52.38095238095239	47.61904761904761
749	0.0	84.0	100.0	87.1951219512195	52.38095238095239	47.61904761904761
750	0.0	84.0	100.0	87.1951219512195	52.38095238095239	47.61904761904761
751	0.0	84.0	100.0	87.1951219512195	52.38095238095239	47.61904761904761
752	0.0	84.0	100.0	87.1951219512195	52.38095238095239	47.61904761904761
753	0.0	84.0	100.0	87.1951219512195	52.38095238095239	47.61904761904761
754	0.0	84.0	100.0	87.1951219512195	52.38095238095239	47.61904761904761
755	0.0	84.0	100.0	87.1951219512195	52.38095238095239	47.61904761904761
756	0.0	84.0	100.0	87.1951219512195	52.38095238095239	47.61904761904761
757	0.0	84.0	100.0	87.1951219512195	52.38095238095239	47.61904761904761
758	0.0	84.0	100.0	87.1951219512195	52.38095238095239	47.61904761904761
759	0.0	84.0	100.0	87.1951219512195	52.38095238095239	47.61904761904761
760	0.0	84.0	100.0	87.1951219512195	52.38095238095239	47.61904761904761
761	0.0	84.0	100.0	87.1951219512195	52.38095238095239	47.61904761904761
762	0.0	84.0	100.0	87.1951219512195	52.38095238095239	47.61904761904761
763	0.0	84.0	100.0	87.1951219512195	52.38095238095239	47.61904761904761
764	0.0	84.0	100.0	87.1951219512195	52.38095238095239	47.61904761904761
765	0.0	84.0	100.0	87.1951219512195	52.38095238095239	47.61904761904761
766	0.0	84.0	100.0	87.1951219512195	52.38095238095239	47.61904761904761
767	0.0	84.0	100.0	87.1951219512195	52.38095238095239	47.61904761904761
768	0.0	84.0	100.0	87.1951219512195	52.38095238095239	47.61904761904761
769	0.0	84.0	100.0	87.1951219512195	52.38095238095239	47.61904761904761
770	0.0	84.0	100.0	87.1951219512195	52.38095238095239	47.61904761904761
771	0.0	84.0	100.0	87.1951219512195	52.38095238095239	47.61904761904761
772	0.0	84.0	100.0	87.1951219512195	52.38095238095239	47.61904761904761
773	0.0	84.0	100.0	87.1951219512195	52.38095238095239	47.61904761904761
774	0.0	84.0	100.0	87.1951219512195	52.38095238095239	47.61904761904761
775	0.0	84.0	100.0	87.1951219512195	52.38095238095239	47.61904761904761
776	0.0	84.0	100.0	87.1951219512195	52.38095238095239	47.61904761904761
777	0.0	84.0	100.0	87.1951219512195	52.38095238095239	47.61904761904761
778	0.0	84.0	100.0	87.1951219512195	52.38095238095239	47.61904761904761
779	0.0	84.0	100.0	87.1951219512195	52.38095238095239	47.61904761904761
780	0.0	84.0	100.0	87.1951219512195	52.38095238095239	47.61904761904761
781	0.0	84.0	100.0	87.1951219512195	52.38095238095239	47.61904761904761
782	0.0	84.0	100.0	87.1951219512195	52.38095238095239	47.61904761904761
783	0.0	84.0	100.0	87.1951219512195	52.38095238095239	47.61904761904761
784	0.0	84.0	100.0	87.1951219512195	52.38095238095239	47.61904761904761
785	0.0	84.0	100.0	87.1951219512195	52.38095238095239	47.61904761904761
786	0.0	84.0	100.0	87.1951219512195	52.38095238095239	47.61904761904761
787	0.0	84.0	100.0	87.1951219512195	52.38095238095239	47.61904761904761
788	0.0	84.0	100.0	87.1951219512195	52.38095238095239	47.61904761904761
789	0.0	84.0	100.0	87.1951219512195	52.38095238095239	47.61904761904761
790	0.0	84.0	100.0	87.1951219512195	52.38095238095239	47.61904761904761
791	0.0	84.0	100.0	87.1951219512195	52.38095238095239	47.61904761904761
792	0.0	84.0	100.0	87.1951219512195	52.38095238095239	47.61904761904761
793	0.0	84.0	100.0	87.1951219512195	52.38095238095239	47.61904761904761
794	0.0	84.0	100.0	87.1951219512195	52.38095238095239	47.61904761904761
795	0.0	84.0	100.0	87.1951219512195	52.38095238095239	47.61904761904761
796	0.0	84.0	100.0	87.1951219512195	52.38095238095239	47.61904761904761
797	0.0	84.0	100.0	87.1951219512195	52.38095238095239	47.61904761904761
798	0.0	84.0	100.0	87.1951219512195	52.38095238095239	47.61904761904761
799	0.0	84.0	100.0	87.1951219512195	52.38095238095239	47.61904761904761
800	0.0	84.0	100.0	87.1951219512195	52.38095238095239	47.61904761904761
801	0.0	84.0	100.0	87.1951219512195	52.38095238095239	47.61904761904761
802	0.0	84.0	100.0	87.1951219512195	52.38095238095239	47.61904761904761
803	0.0	84.0	100.0	87.1951219512195	52.38095238095239	47.61904761904761
804	0.0	84.0	100.0	87.1951219512195	52.38095238095239	47.61904761904761
805	0.0	84.0	100.0	87.1951219512195	52.38095238095239	47.61904761904761
806	0.0	84.0	100.0	87.1951219512195	52.38095238095239	47.61904761904761
807	0.0	84.0	100.0	87.1951219512195	52.38095238095239	47.61904761904761
808	0.0	84.0	100.0	87.1951219512195	52.38095238095239	47.61904761904761
809	0.0	84.0	100.0	87.1951219512195	52.38095238095239	47.61904761904761
810	0.0	84.0	100.0	87.1951219512195	52.38095238095239	47.61904761904761
811	0.0	84.0	100.0	87.1951219512195	52.38095238095239	47.61904761904761
812	0.0	84.0	100.0	87.1951219512195	52.38095238095239	47.61904761904761
813	0.0	84.0	100.0	87.1951219512195	52.38095238095239	47.61904761904761
814	0.0	84.0	100.0	87.1951219512195	52.38095238095239	47.61904761904761
815	0.0	84.0	100.0	87.1951219512195	52.38095238095239	47.61904761904761
816	0.0	84.0	100.0	87.1951219512195	52.38095238095239	47.61904761904761
817	0.0	84.0	100.0	87.1951219512195	52.38095238095239	47.61904761904761
818	0.0	84.0	100.0	87.1951219512195	52.38095238095239	47.61904761904761
819	0.0	84.0	100.0	87.1951219512195	52.38095238095239	47.61904761904761
820	0.0	84.0	100.0	87.1951219512195	52.38095238095239	47.61904761904761
821	0.0	84.0	100.0	87.1951219512195	52.38095238095239	47.61904761904761
822	0.0	84.0	100.0	87.1951219512195	52.38095238095239	47.61904761904761
823	0.0	84.0	100.0	87.1951219512195	52.38095238095239	47.61904761904761
824	0.0	84.0	100.0	87.1951219512195	52.38095238095239	47.61904761904761
825	0.0	84.0	100.0	87.1951219512195	52.38095238095239	47.61904761904761
826	0.0	84.0	100.0	87.1951219512195	52.38095238095239	47.61904761904761
827	0.0	84.0	100.0	87.1951219512195	52.38095238095239	47.61904761904761
828	0.0	84.0	100.0	87.1951219512195	52.38095238095239	47.61904761904761
829	0.0	84.0	100.0	87.1951219512195	52.38095238095239	47.61904761904761
830	0.0	84.0	100.0	87.1951219512195	52.38095238095239	47.61904761904761
831	0.0	84.0	100.0	87.1951219512195	52.38095238095239	47.61904761904761
832	0.0	84.0	100.0	87.1951219512195	52.38095238095239	47.61904761904761
833	0.0	84.0	100.0	87.1951219512195	52.38095238095239	47.61904761904761
834	0.0	84.0	100.0	87.1951219512195	52.38095238095239	47.61904761904761
835	0.0	84.0	100.0	87.1951219512195	52.38095238095239	47.61904761904761
836	0.0	84.0	100.0	87.1951219512195	52.38095238095239	47.61904761904761
837	0.0	84.0	100.0	87.1951219512195	52.38095238095239	47.61904761904761
838	0.0	84.0	100.0	87.1951219512195	52.38095238095239	47.61904761904761
839	0.0	84.0	100.0	87.1951219512195	52.38095238095239	47.61904761904761
840	0.0	84.0	100.0	87.1951219512195	52.38095238095239	47.61904761904761
841	0.0	84.0	100.0	87.1951219512195	52.38095238095239	47.61904761904761
842	0.0	84.0	100.0	87.1951219512195	52.38095238095239	47.61904761904761
843	0.0	84.0	100.0	87.1951219512195	52.38095238095239	47.61904761904761
844	0.0	84.0	100.0	87.1951219512195	52.38095238095239	47.61904761904761
845	0.0	84.0	100.0	87.1951219512195	52.38095238095239	47.61904761904761
846	0.0	84.0	100.0	87.1951219512195	52.38095238095239	47.61904761904761
847	0.0	84.0	100.0	87.1951219512195	52.38095238095239	47.61904761904761
848	0.0	84.0	100.0	87.1951219512195	52.38095238095239	47.61904761904761
849	0.0	84.0	100.0	87.1951219512195	52.38095238095239	47.61904761904761
850	0.0	84.0	100.0	87.1951219512195	52.38095238095239	47.61904761904761
851	0.0	84.0	100.0	87.1951219512195	52.38095238095239	47.61904761904761
852	0.0	84.0	100.0	87.1951219512195	52.38095238095239	47.61904761904761
853	0.0	84.0	100.0	87.1951219512195	52.38095238095239	47.61904761904761
854	0.0	84.0	100.0	87.1951219512195	52.38095238095239	47.61904761904761
855	0.0	84.0	100.0	87.1951219512195	52.38095238095239	47.61904761904761
856	0.0	84.0	100.0	87.1951219512195	52.38095238095239	47.61904761904761
857	0.0	84.0	100.0	87.1951219512195	52.38095238095239	47.61904761904761
858	0.0	84.0	100.0	87.1951219512195	52.38095238095239	47.61904761904761
859	0.0	84.0	100.0	87.1951219512195	52.38095238095239	47.61904761904761
860	0.0	84.0	100.0	87.1951219512195	52.38095238095239	47.61904761904761
861	0.0	84.0	100.0	87.1951219512195	52.38095238095239	47.61904761904761
862	0.0	84.0	100.0	87.1951219512195	52.38095238095239	47.61904761904761
863	0.0	84.0	100.0	87.1951219512195	52.38095238095239	47.61904761904761
864	0.0	84.0	100.0	87.1951219512195	52.38095238095239	47.61904761904761
865	0.0	84.0	100.0	87.1951219512195	52.38095238095239	47.61904761904761
866	0.0	84.0	100.0	87.1951219512195	52.38095238095239	47.61904761904761
867	0.0	84.0	100.0	87.1951219512195	52.38095238095239	47.61904761904761
868	0.0	84.0	100.0	87.1951219512195	52.38095238095239	47.61904761904761
869	0.0	84.0	100.0	87.1951219512195	52.38095238095239	47.61904761904761
870	0.0	84.0	100.0	87.1951219512195	52.38095238095239	47.61904761904761
871	0.0	84.0	100.0	87.1951219512195	52.38095238095239	47.61904761904761
872	0.0	84.0	100.0	87.1951219512195	52.38095238095239	47.61904761904761
873	0.0	84.0	100.0	87.1951219512195	52.38095238095239	47.61904761904761
874	0.0	84.0	100.0	87.1951219512195	52.38095238095239	47.61904761904761
875	0.0	84.0	100.0	87.1951219512195	52.38095238095239	47.61904761904761
876	0.0	84.0	100.0	87.1951219512195	52.38095238095239	47.61904761904761
877	0.0	84.0	100.0	87.1951219512195	52.38095238095239	47.61904761904761
878	0.0	84.0	100.0	87.1951219512195	52.38095238095239	47.61904761904761
879	0.0	84.0	100.0	87.1951219512195	52.38095238095239	47.61904761904761
880	0.0	84.0	100.0	87.1951219512195	52.38095238095239	47.61904761904761
881	0.0	84.0	100.0	87.1951219512195	52.38095238095239	47.61904761904761
882	0.0	84.0	100.0	87.1951219512195	52.38095238095239	47.61904761904761
883	0.0	84.0	100.0	87.1951219512195	52.38095238095239	47.61904761904761
884	0.0	84.0	100.0	87.1951219512195	52.38095238095239	47.61904761904761
885	0.0	84.0	100.0	87.1951219512195	52.38095238095239	47.61904761904761
886	0.0	84.0	100.0	87.1951219512195	52.38095238095239	47.61904761904761
887	0.0	84.0	100.0	87.1951219512195	52.38095238095239	47.61904761904761
888	0.0	84.0	100.0	87.1951219512195	52.38095238095239	47.61904761904761
889	0.0	84.0	100.0	87.1951219512195	52.38095238095239	47.61904761904761
890	0.0	84.0	100.0	87.1951219512195	52.38095238095239	47.61904761904761
891	0.0	84.0	100.0	87.1951219512195	52.38095238095239	47.61904761904761
892	0.0	84.0	100.0	87.1951219512195	52.38095238095239	47.61904761904761
893	0.0	84.0	100.0	87.1951219512195	52.38095238095239	47.61904761904761
894	0.0	84.0	100.0	87.1951219512195	52.38095238095239	47.61904761904761
895	0.0	84.0	100.0	87.1951219512195	52.38095238095239	47.61904761904761
896	0.0	84.0	100.0	87.1951219512195	52.38095238095239	47.61904761904761
897	0.0	84.0	100.0	87.1951219512195	52.38095238095239	47.61904761904761
898	0.0	84.0	100.0	87.1951219512195	52.38095238095239	47.61904761904761
899	0.0	84.0	100.0	87.1951219512195	52.38095238095239	47.61904761904761
900	0.0	84.0	100.0	87.1951219512195	52.38095238095239	47.61904761904761
901	0.0	84.0	100.0	87.1951219512195	52.38095238095239	47.61904761904761
902	0.0	84.0	100.0	87.1951219512195	52.38095238095239	47.61904761904761
903	0.0	84.0	100.0	87.1951219512195	52.38095238095239	47.61904761904761
904	0.0	84.0	100.0	87.1951219512195	52.38095238095239	47.61904761904761
905	0.0	84.0	100.0	87.1951219512195	52.38095238095239	47.61904761904761
906	0.0	84.0	100.0	87.1951219512195	52.38095238095239	47.61904761904761
907	0.0	84.0	100.0	87.1951219512195	52.38095238095239	47.61904761904761
908	0.0	84.0	100.0	87.1951219512195	52.38095238095239	47.61904761904761
909	0.0	84.0	100.0	87.1951219512195	52.38095238095239	47.61904761904761
910	0.0	84.0	100.0	87.1951219512195	52.38095238095239	47.61904761904761
911	0.0	84.0	100.0	87.1951219512195	52.38095238095239	47.61904761904761
912	0.0	84.0	100.0	87.1951219512195	52.38095238095239	47.61904761904761
913	0.0	84.0	100.0	87.1951219512195	52.38095238095239	47.61904761904761
914	0.0	84.0	100.0	87.1951219512195	52.38095238095239	47.61904761904761
915	0.0	84.0	100.0	87.1951219512195	52.38095238095239	47.61904761904761
916	0.0	84.0	100.0	87.1951219512195	52.38095238095239	47.61904761904761
917	0.0	84.0	100.0	87.1951219512195	52.38095238095239	47.61904761904761
918	0.0	84.0	100.0	87.1951219512195	52.38095238095239	47.61904761904761
919	0.0	84.0	100.0	87.1951219512195	52.38095238095239	47.61904761904761
920	0.0	84.0	100.0	87.1951219512195	52.38095238095239	47.61904761904761
921	0.0	84.0	100.0	87.1951219512195	52.38095238095239	47.61904761904761
922	0.0	84.0	100.0	87.1951219512195	52.38095238095239	47.61904761904761
923	0.0	84.0	100.0	87.1951219512195	52.38095238095239	47.61904761904761
924	0.0	84.0	100.0	87.1951219512195	52.38095238095239	47.61904761904761
925	0.0	84.0	100.0	87.1951219512195	52.38095238095239	47.61904761904761
926	0.0	84.0	100.0	87.1951219512195	52.38095238095239	47.61904761904761
927	0.0	84.0	100.0	87.1951219512195	52.38095238095239	47.61904761904761
928	0.0	84.0	100.0	87.1951219512195	52.38095238095239	47.61904761904761
929	0.0	84.0	100.0	87.1951219512195	52.38095238095239	47.61904761904761
930	0.0	84.0	100.0	87.1951219512195	52.38095238095239	47.61904761904761
931	0.0	84.0	100.0	87.1951219512195	52.38095238095239	47.61904761904761
932	0.0	84.0	100.0	87.1951219512195	52.38095238095239	47.61904761904761
933	0.0	84.0	100.0	87.1951219512195	52.38095238095239	47.61904761904761
934	0.0	84.0	100.0	87.1951219512195	52.38095238095239	47.61904761904761
935	0.0	84.0	100.0	87.1951219512195	52.38095238095239	47.61904761904761
936	0.0	84.0	100.0	87.1951219512195	52.38095238095239	47.61904761904761
937	0.0	84.0	100.0	87.1951219512195	52.38095238095239	47.61904761904761
938	0.0	84.0	100.0	87.1951219512195	52.38095238095239	47.61904761904761
939	0.0	84.0	100.0	87.1951219512195	52.38095238095239	47.61904761904761
940	0.0	84.0	100.0	87.1951219512195	52.38095238095239	47.61904761904761
941	0.0	84.0	100.0	87.1951219512195	52.38095238095239	47.61904761904761
942	0.0	84.0	100.0	87.1951219512195	52.38095238095239	47.61904761904761
943	0.0	84.0	100.0	87.1951219512195	52.38095238095239	47.61904761904761
944	0.0	84.0	100.0	87.1951219512195	52.38095238095239	47.61904761904761
945	0.0	84.0	100.0	87.1951219512195	52.38095238095239	47.61904761904761
946	0.0	84.0	100.0	87.1951219512195	52.38095238095239	47.61904761904761
947	0.0	84.0	100.0	87.1951219512195	52.38095238095239	47.61904761904761
948	0.0	84.0	100.0	87.1951219512195	52.38095238095239	47.61904761904761
949	0.0	84.0	100.0	87.1951219512195	52.38095238095239	47.61904761904761
950	0.0	84.0	100.0	87.1951219512195	52.38095238095239	47.61904761904761
951	0.0	84.0	100.0	87.1951219512195	52.38095238095239	47.61904761904761
952	0.0	84.0	100.0	87.1951219512195	52.38095238095239	47.61904761904761
953	0.0	84.0	100.0	87.1951219512195	52.38095238095239	47.61904761904761
954	0.0	84.0	100.0	87.1951219512195	52.38095238095239	47.61904761904761
955	0.0	84.0	100.0	87.1951219512195	52.38095238095239	47.61904761904761
956	0.0	84.0	100.0	87.1951219512195	52.38095238095239	47.61904761904761
957	0.0	84.0	100.0	87.1951219512195	52.38095238095239	47.61904761904761
958	0.0	84.0	100.0	87.1951219512195	52.38095238095239	47.61904761904761
959	0.0	84.0	100.0	87.1951219512195	52.38095238095239	47.61904761904761
960	0.0	84.0	100.0	87.1951219512195	52.38095238095239	47.61904761904761
961	0.0	84.0	100.0	87.1951219512195	52.38095238095239	47.61904761904761
962	0.0	84.0	100.0	87.1951219512195	52.38095238095239	47.61904761904761
963	0.0	84.0	100.0	87.1951219512195	52.38095238095239	47.61904761904761
964	0.0	84.0	100.0	87.1951219512195	52.38095238095239	47.61904761904761
965	0.0	84.0	100.0	87.1951219512195	52.38095238095239	47.61904761904761
966	0.0	84.0	100.0	87.1951219512195	52.38095238095239	47.61904761904761
967	0.0	84.0	100.0	87.1951219512195	52.38095238095239	47.61904761904761
968	0.0	84.0	100.0	87.1951219512195	52.38095238095239	47.61904761904761
969	0.0	84.0	100.0	87.1951219512195	52.38095238095239	47.61904761904761
970	0.0	84.0	100.0	87.1951219512195	52.38095238095239	47.61904761904761
971	0.0	84.0	100.0	87.1951219512195	52.38095238095239	47.61904761904761
972	0.0	84.0	100.0	87.1951219512195	52.38095238095239	47.61904761904761
973	0.0	84.0	100.0	87.1951219512195	52.38095238095239	47.61904761904761
974	0.0	84.0	100.0	87.1951219512195	52.38095238095239	47.61904761904761
975	0.0	84.0	100.0	87.1951219512195	52.38095238095239	47.61904761904761
976	0.0	84.0	100.0	87.1951219512195	52.38095238095239	47.61904761904761
977	0.0	84.0	100.0	87.1951219512195	52.38095238095239	47.61904761904761
978	0.0	84.0	100.0	87.1951219512195	52.38095238095239	47.61904761904761
979	0.0	84.0	100.0	87.1951219512195	52.38095238095239	47.61904761904761
980	0.0	84.0	100.0	87.1951219512195	52.38095238095239	47.61904761904761
981	0.0	84.0	100.0	87.1951219512195	52.38095238095239	47.61904761904761
982	0.0	84.0	100.0	87.1951219512195	52.38095238095239	47.61904761904761
983	0.0	84.0	100.0	87.1951219512195	52.38095238095239	47.61904761904761
984	0.0	84.0	100.0	87.1951219512195	52.38095238095239	47.61904761904761
985	0.0	84.0	100.0	87.1951219512195	52.38095238095239	47.61904761904761
986	0.0	84.0	100.0	87.1951219512195	52.38095238095239	47.61904761904761
987	0.0	84.0	100.0	87.1951219512195	52.38095238095239	47.61904761904761
988	0.0	84.0	100.0	87.1951219512195	52.38095238095239	47.61904761904761
989	0.0	84.0	100.0	87.1951219512195	52.38095238095239	47.61904761904761
990	0.0	84.0	100.0	87.1951219512195	52.38095238095239	47.61904761904761
991	0.0	84.0	100.0	87.1951219512195	52.38095238095239	47.61904761904761
992	0.0	84.0	100.0	87.1951219512195	52.38095238095239	47.61904761904761
993	0.0	84.0	100.0	87.1951219512195	52.38095238095239	47.61904761904761
994	0.0	84.0	100.0	87.1951219512195	52.38095238095239	47.61904761904761
995	0.0	84.0	100.0	87.1951219512195	52.38095238095239	47.61904761904761
996	0.0	84.0	100.0	87.1951219512195	52.38095238095239	47.61904761904761
997	0.0	84.0	100.0	87.1951219512195	52.38095238095239	47.61904761904761
998	0.0	84.0	100.0	87.1951219512195	52.38095238095239	47.61904761904761
999	0.0	84.0	100.0	87.1951219512195	52.38095238095239	47.61904761904761
