0	472.0	348.0	52.03252032520326	46.95121951219512	59.77011494252874	40.229885057471265
1	464.0	332.0	52.84552845528455	49.390243902439025	39.75903614457831	60.24096385542169
2	468.0	280.0	52.4390243902439	57.3170731707317	77.14285714285715	22.857142857142858
3	448.0	320.0	54.47154471544715	51.21951219512195	2.5	97.5
4	456.0	316.0	53.65853658536586	51.829268292682926	2.5316455696202533	97.46835443037975
5	536.0	324.0	45.52845528455284	50.609756097560975	100.0	0.0
6	480.0	308.0	51.21951219512195	53.04878048780488	20.77922077922078	79.22077922077922
7	448.0	332.0	54.47154471544715	49.390243902439025	0.0	100.0
8	484.0	328.0	50.81300813008131	50.0	20.73170731707317	79.26829268292683
9	536.0	324.0	45.52845528455284	50.609756097560975	100.0	0.0
10	460.0	332.0	53.2520325203252	49.390243902439025	1.2048192771084338	98.79518072289156
11	540.0	312.0	45.1219512195122	52.4390243902439	97.43589743589743	2.564102564102564
12	536.0	324.0	45.52845528455284	50.609756097560975	100.0	0.0
13	536.0	324.0	45.52845528455284	50.609756097560975	100.0	0.0
14	496.0	244.0	49.59349593495935	62.80487804878049	95.08196721311475	4.918032786885246
15	452.0	336.0	54.0650406504065	48.78048780487805	4.761904761904762	95.23809523809523
16	536.0	324.0	45.52845528455284	50.609756097560975	100.0	0.0
17	448.0	332.0	54.47154471544715	49.390243902439025	0.0	100.0
18	444.0	264.0	54.87804878048781	59.756097560975604	68.18181818181817	31.818181818181817
19	440.0	292.0	55.28455284552846	55.487804878048784	71.23287671232876	28.767123287671232
20	424.0	276.0	56.91056910569105	57.92682926829268	60.86956521739131	39.130434782608695
21	424.0	332.0	56.91056910569105	49.390243902439025	9.63855421686747	90.36144578313254
22	456.0	336.0	53.65853658536586	48.78048780487805	1.1904761904761905	98.80952380952381
23	452.0	336.0	54.0650406504065	48.78048780487805	3.571428571428571	96.42857142857143
24	540.0	324.0	45.1219512195122	50.609756097560975	98.76543209876543	1.2345679012345678
25	532.0	308.0	45.9349593495935	53.04878048780488	97.40259740259741	2.5974025974025974
26	424.0	312.0	56.91056910569105	52.4390243902439	2.564102564102564	97.43589743589743
27	448.0	332.0	54.47154471544715	49.390243902439025	0.0	100.0
28	432.0	332.0	56.09756097560976	49.390243902439025	1.2048192771084338	98.79518072289156
29	468.0	260.0	52.4390243902439	60.36585365853659	93.84615384615384	6.153846153846154
30	536.0	320.0	45.52845528455284	51.21951219512195	100.0	0.0
31	444.0	324.0	54.87804878048781	50.609756097560975	2.4691358024691357	97.53086419753086
32	448.0	336.0	54.47154471544715	48.78048780487805	1.1904761904761905	98.80952380952381
33	448.0	340.0	54.47154471544715	48.170731707317074	2.3529411764705883	97.6470588235294
34	396.0	256.0	59.756097560975604	60.97560975609756	53.125	46.875
35	452.0	336.0	54.0650406504065	48.78048780487805	1.1904761904761905	98.80952380952381
36	448.0	332.0	54.47154471544715	49.390243902439025	0.0	100.0
37	448.0	332.0	54.47154471544715	49.390243902439025	0.0	100.0
38	512.0	264.0	47.96747967479675	59.756097560975604	96.96969696969697	3.0303030303030303
39	440.0	256.0	55.28455284552846	60.97560975609756	84.375	15.625
40	440.0	260.0	55.28455284552846	60.36585365853659	83.07692307692308	16.923076923076923
41	540.0	316.0	45.1219512195122	51.829268292682926	100.0	0.0
42	448.0	332.0	54.47154471544715	49.390243902439025	0.0	100.0
43	448.0	332.0	54.47154471544715	49.390243902439025	0.0	100.0
44	508.0	284.0	48.3739837398374	56.70731707317073	95.77464788732394	4.225352112676056
45	448.0	332.0	54.47154471544715	49.390243902439025	0.0	100.0
46	400.0	288.0	59.34959349593496	56.09756097560976	5.555555555555555	94.44444444444444
47	432.0	332.0	56.09756097560976	49.390243902439025	2.4096385542168677	97.59036144578313
48	448.0	336.0	54.47154471544715	48.78048780487805	1.1904761904761905	98.80952380952381
49	444.0	248.0	54.87804878048781	62.19512195121951	90.32258064516128	9.67741935483871
50	448.0	332.0	54.47154471544715	49.390243902439025	0.0	100.0
51	536.0	324.0	45.52845528455284	50.609756097560975	100.0	0.0
52	488.0	264.0	50.40650406504065	59.756097560975604	96.96969696969697	3.0303030303030303
53	536.0	312.0	45.52845528455284	52.4390243902439	97.43589743589743	2.564102564102564
54	428.0	304.0	56.50406504065041	53.65853658536586	2.631578947368421	97.36842105263158
55	448.0	332.0	54.47154471544715	49.390243902439025	0.0	100.0
56	452.0	340.0	54.0650406504065	48.170731707317074	2.3529411764705883	97.6470588235294
57	448.0	336.0	54.47154471544715	48.78048780487805	1.1904761904761905	98.80952380952381
58	456.0	252.0	53.65853658536586	61.58536585365854	92.06349206349206	7.936507936507936
59	500.0	268.0	49.1869918699187	59.14634146341463	97.01492537313433	2.9850746268656714
60	404.0	292.0	58.94308943089431	55.487804878048784	8.21917808219178	91.78082191780823
61	484.0	264.0	50.81300813008131	59.756097560975604	95.45454545454545	4.545454545454546
62	396.0	288.0	59.756097560975604	56.09756097560976	5.555555555555555	94.44444444444444
63	448.0	332.0	54.47154471544715	49.390243902439025	0.0	100.0
64	388.0	292.0	60.56910569105691	55.487804878048784	21.91780821917808	78.08219178082192
65	448.0	332.0	54.47154471544715	49.390243902439025	0.0	100.0
66	448.0	332.0	54.47154471544715	49.390243902439025	0.0	100.0
67	500.0	288.0	49.1869918699187	56.09756097560976	95.83333333333334	4.166666666666666
68	420.0	264.0	57.3170731707317	59.756097560975604	69.6969696969697	30.303030303030305
69	448.0	332.0	54.47154471544715	49.390243902439025	0.0	100.0
70	536.0	320.0	45.52845528455284	51.21951219512195	100.0	0.0
71	536.0	320.0	45.52845528455284	51.21951219512195	100.0	0.0
72	496.0	264.0	49.59349593495935	59.756097560975604	96.96969696969697	3.0303030303030303
73	380.0	284.0	61.382113821138205	56.70731707317073	14.084507042253522	85.91549295774648
74	400.0	256.0	59.34959349593496	60.97560975609756	56.25	43.75
75	456.0	244.0	53.65853658536586	62.80487804878049	86.88524590163934	13.114754098360656
76	376.0	288.0	61.78861788617886	56.09756097560976	18.055555555555554	81.94444444444444
77	452.0	244.0	54.0650406504065	62.80487804878049	85.24590163934425	14.754098360655737
78	504.0	304.0	48.78048780487805	53.65853658536586	96.05263157894737	3.9473684210526314
79	520.0	312.0	47.15447154471545	52.4390243902439	98.71794871794873	1.282051282051282
80	536.0	276.0	45.52845528455284	57.92682926829268	100.0	0.0
81	364.0	300.0	63.00813008130082	54.268292682926834	38.666666666666664	61.33333333333333
82	392.0	292.0	60.16260162601627	55.487804878048784	50.68493150684932	49.31506849315068
83	448.0	332.0	54.47154471544715	49.390243902439025	0.0	100.0
84	520.0	288.0	47.15447154471545	56.09756097560976	95.83333333333334	4.166666666666666
85	520.0	292.0	47.15447154471545	55.487804878048784	97.26027397260275	2.73972602739726
86	416.0	240.0	57.72357723577236	63.41463414634146	80.0	20.0
87	380.0	316.0	61.382113821138205	51.829268292682926	24.050632911392405	75.9493670886076
88	448.0	332.0	54.47154471544715	49.390243902439025	0.0	100.0
89	416.0	240.0	57.72357723577236	63.41463414634146	83.33333333333334	16.666666666666664
90	488.0	272.0	50.40650406504065	58.536585365853654	97.05882352941177	2.941176470588235
91	444.0	336.0	54.87804878048781	48.78048780487805	1.1904761904761905	98.80952380952381
92	396.0	316.0	59.756097560975604	51.829268292682926	27.848101265822784	72.15189873417721
93	380.0	312.0	61.382113821138205	52.4390243902439	41.02564102564102	58.97435897435898
94	496.0	268.0	49.59349593495935	59.14634146341463	97.01492537313433	2.9850746268656714
95	388.0	312.0	60.56910569105691	52.4390243902439	17.94871794871795	82.05128205128204
96	536.0	324.0	45.52845528455284	50.609756097560975	100.0	0.0
97	440.0	336.0	55.28455284552846	48.78048780487805	1.1904761904761905	98.80952380952381
98	448.0	264.0	54.47154471544715	59.756097560975604	90.9090909090909	9.090909090909092
99	380.0	288.0	61.382113821138205	56.09756097560976	25.0	75.0
100	440.0	256.0	55.28455284552846	60.97560975609756	79.6875	20.3125
101	540.0	276.0	45.1219512195122	57.92682926829268	100.0	0.0
102	436.0	340.0	55.6910569105691	48.170731707317074	2.3529411764705883	97.6470588235294
103	504.0	276.0	48.78048780487805	57.92682926829268	95.65217391304348	4.3478260869565215
104	536.0	324.0	45.52845528455284	50.609756097560975	100.0	0.0
105	388.0	316.0	60.56910569105691	51.829268292682926	22.78481012658228	77.21518987341773
106	512.0	300.0	47.96747967479675	54.268292682926834	98.66666666666667	1.3333333333333335
107	448.0	332.0	54.47154471544715	49.390243902439025	0.0	100.0
108	416.0	328.0	57.72357723577236	50.0	3.6585365853658534	96.34146341463415
109	448.0	332.0	54.47154471544715	49.390243902439025	0.0	100.0
110	448.0	332.0	54.47154471544715	49.390243902439025	0.0	100.0
111	448.0	340.0	54.47154471544715	48.170731707317074	2.3529411764705883	97.6470588235294
112	428.0	276.0	56.50406504065041	57.92682926829268	60.86956521739131	39.130434782608695
113	368.0	304.0	62.601626016260155	53.65853658536586	28.947368421052634	71.05263157894737
114	432.0	260.0	56.09756097560976	60.36585365853659	75.38461538461539	24.615384615384617
115	444.0	336.0	54.87804878048781	48.78048780487805	1.1904761904761905	98.80952380952381
116	448.0	332.0	54.47154471544715	49.390243902439025	0.0	100.0
117	500.0	284.0	49.1869918699187	56.70731707317073	97.1830985915493	2.8169014084507045
118	388.0	316.0	60.56910569105691	51.829268292682926	17.72151898734177	82.27848101265823
119	392.0	268.0	60.16260162601627	59.14634146341463	37.3134328358209	62.68656716417911
120	440.0	344.0	55.28455284552846	47.5609756097561	3.488372093023256	96.51162790697676
121	388.0	284.0	60.56910569105691	56.70731707317073	49.29577464788733	50.70422535211267
122	468.0	268.0	52.4390243902439	59.14634146341463	94.02985074626866	5.970149253731343
123	448.0	332.0	54.47154471544715	49.390243902439025	0.0	100.0
124	444.0	336.0	54.87804878048781	48.78048780487805	1.1904761904761905	98.80952380952381
125	360.0	276.0	63.41463414634146	57.92682926829268	30.434782608695656	69.56521739130434
126	392.0	296.0	60.16260162601627	54.87804878048781	9.45945945945946	90.54054054054053
127	352.0	284.0	64.22764227642277	56.70731707317073	28.169014084507044	71.83098591549296
128	356.0	284.0	63.82113821138211	56.70731707317073	23.943661971830984	76.05633802816901
129	400.0	296.0	59.34959349593496	54.87804878048781	10.81081081081081	89.1891891891892
130	476.0	272.0	51.6260162601626	58.536585365853654	94.11764705882352	5.88235294117647
131	412.0	324.0	58.13008130081301	50.609756097560975	4.938271604938271	95.06172839506173
132	384.0	296.0	60.97560975609756	54.87804878048781	8.108108108108109	91.8918918918919
133	452.0	256.0	54.0650406504065	60.97560975609756	96.875	3.125
134	432.0	336.0	56.09756097560976	48.78048780487805	1.1904761904761905	98.80952380952381
135	508.0	284.0	48.3739837398374	56.70731707317073	100.0	0.0
136	536.0	324.0	45.52845528455284	50.609756097560975	100.0	0.0
137	504.0	264.0	48.78048780487805	59.756097560975604	98.48484848484848	1.5151515151515151
138	376.0	272.0	61.78861788617886	58.536585365853654	52.94117647058824	47.05882352941176
139	372.0	244.0	62.19512195121951	62.80487804878049	45.90163934426229	54.09836065573771
140	364.0	256.0	63.00813008130082	60.97560975609756	50.0	50.0
141	408.0	252.0	58.536585365853654	61.58536585365854	71.42857142857143	28.57142857142857
142	512.0	284.0	47.96747967479675	56.70731707317073	98.59154929577466	1.4084507042253522
143	380.0	312.0	61.382113821138205	52.4390243902439	15.384615384615385	84.61538461538461
144	536.0	320.0	45.52845528455284	51.21951219512195	100.0	0.0
145	436.0	340.0	55.6910569105691	48.170731707317074	2.3529411764705883	97.6470588235294
146	476.0	268.0	51.6260162601626	59.14634146341463	94.02985074626866	5.970149253731343
147	448.0	332.0	54.47154471544715	49.390243902439025	0.0	100.0
148	436.0	332.0	55.6910569105691	49.390243902439025	2.4096385542168677	97.59036144578313
149	444.0	336.0	54.87804878048781	48.78048780487805	1.1904761904761905	98.80952380952381
150	440.0	336.0	55.28455284552846	48.78048780487805	1.1904761904761905	98.80952380952381
151	412.0	308.0	58.13008130081301	53.04878048780488	6.493506493506493	93.5064935064935
152	440.0	332.0	55.28455284552846	49.390243902439025	0.0	100.0
153	432.0	344.0	56.09756097560976	47.5609756097561	4.651162790697675	95.34883720930233
154	388.0	304.0	60.56910569105691	53.65853658536586	6.578947368421052	93.42105263157895
155	372.0	268.0	62.19512195121951	59.14634146341463	52.23880597014925	47.76119402985074
156	396.0	312.0	59.756097560975604	52.4390243902439	5.128205128205128	94.87179487179486
157	428.0	328.0	56.50406504065041	50.0	1.2195121951219512	98.78048780487805
158	432.0	320.0	56.09756097560976	51.21951219512195	1.25	98.75
159	400.0	312.0	59.34959349593496	52.4390243902439	3.8461538461538463	96.15384615384616
160	476.0	252.0	51.6260162601626	61.58536585365854	88.88888888888889	11.11111111111111
161	428.0	328.0	56.50406504065041	50.0	1.2195121951219512	98.78048780487805
162	392.0	296.0	60.16260162601627	54.87804878048781	6.756756756756757	93.24324324324324
163	396.0	308.0	59.756097560975604	53.04878048780488	6.493506493506493	93.5064935064935
164	348.0	280.0	64.63414634146342	57.3170731707317	27.142857142857142	72.85714285714285
165	532.0	316.0	45.9349593495935	51.829268292682926	100.0	0.0
166	436.0	332.0	55.6910569105691	49.390243902439025	1.2048192771084338	98.79518072289156
167	484.0	268.0	50.81300813008131	59.14634146341463	80.59701492537313	19.402985074626866
168	436.0	232.0	55.6910569105691	64.63414634146342	86.20689655172413	13.793103448275861
169	532.0	292.0	45.9349593495935	55.487804878048784	100.0	0.0
170	508.0	284.0	48.3739837398374	56.70731707317073	98.59154929577466	1.4084507042253522
171	424.0	332.0	56.91056910569105	49.390243902439025	4.819277108433735	95.18072289156626
172	384.0	240.0	60.97560975609756	63.41463414634146	56.666666666666664	43.333333333333336
173	472.0	256.0	52.03252032520326	60.97560975609756	95.3125	4.6875
174	444.0	332.0	54.87804878048781	49.390243902439025	0.0	100.0
175	336.0	272.0	65.85365853658537	58.536585365853654	30.88235294117647	69.11764705882352
176	424.0	320.0	56.91056910569105	51.21951219512195	3.75	96.25
177	400.0	256.0	59.34959349593496	60.97560975609756	64.0625	35.9375
178	356.0	280.0	63.82113821138211	57.3170731707317	32.857142857142854	67.14285714285714
179	432.0	256.0	56.09756097560976	60.97560975609756	76.5625	23.4375
180	476.0	260.0	51.6260162601626	60.36585365853659	96.92307692307692	3.076923076923077
181	536.0	320.0	45.52845528455284	51.21951219512195	100.0	0.0
182	372.0	232.0	62.19512195121951	64.63414634146342	56.896551724137936	43.103448275862064
183	492.0	284.0	50.0	56.70731707317073	95.77464788732394	4.225352112676056
184	496.0	280.0	49.59349593495935	57.3170731707317	98.57142857142858	1.4285714285714286
185	424.0	256.0	56.91056910569105	60.97560975609756	75.0	25.0
186	400.0	316.0	59.34959349593496	51.829268292682926	3.79746835443038	96.20253164556962
187	532.0	320.0	45.9349593495935	51.21951219512195	100.0	0.0
188	428.0	236.0	56.50406504065041	64.02439024390245	77.96610169491525	22.033898305084744
189	512.0	276.0	47.96747967479675	57.92682926829268	98.55072463768117	1.4492753623188406
190	448.0	332.0	54.47154471544715	49.390243902439025	0.0	100.0
191	448.0	332.0	54.47154471544715	49.390243902439025	0.0	100.0
192	536.0	324.0	45.52845528455284	50.609756097560975	100.0	0.0
193	444.0	336.0	54.87804878048781	48.78048780487805	1.1904761904761905	98.80952380952381
194	448.0	332.0	54.47154471544715	49.390243902439025	0.0	100.0
195	412.0	312.0	58.13008130081301	52.4390243902439	3.8461538461538463	96.15384615384616
196	448.0	332.0	54.47154471544715	49.390243902439025	0.0	100.0
197	536.0	320.0	45.52845528455284	51.21951219512195	100.0	0.0
198	412.0	252.0	58.13008130081301	61.58536585365854	66.66666666666666	33.33333333333333
199	392.0	296.0	60.16260162601627	54.87804878048781	10.81081081081081	89.1891891891892
200	492.0	280.0	50.0	57.3170731707317	98.57142857142858	1.4285714285714286
201	432.0	340.0	56.09756097560976	48.170731707317074	3.5294117647058822	96.47058823529412
202	396.0	244.0	59.756097560975604	62.80487804878049	63.934426229508205	36.0655737704918
203	412.0	240.0	58.13008130081301	63.41463414634146	78.33333333333333	21.666666666666668
204	464.0	252.0	52.84552845528455	61.58536585365854	95.23809523809523	4.761904761904762
205	436.0	328.0	55.6910569105691	50.0	7.317073170731707	92.6829268292683
206	428.0	336.0	56.50406504065041	48.78048780487805	7.142857142857142	92.85714285714286
207	436.0	248.0	55.6910569105691	62.19512195121951	90.32258064516128	9.67741935483871
208	380.0	296.0	61.382113821138205	54.87804878048781	18.91891891891892	81.08108108108108
209	472.0	264.0	52.03252032520326	59.756097560975604	95.45454545454545	4.545454545454546
210	488.0	264.0	50.40650406504065	59.756097560975604	96.96969696969697	3.0303030303030303
211	444.0	332.0	54.87804878048781	49.390243902439025	0.0	100.0
212	448.0	332.0	54.47154471544715	49.390243902439025	0.0	100.0
213	508.0	260.0	48.3739837398374	60.36585365853659	100.0	0.0
214	396.0	292.0	59.756097560975604	55.487804878048784	8.21917808219178	91.78082191780823
215	536.0	320.0	45.52845528455284	51.21951219512195	100.0	0.0
216	388.0	288.0	60.56910569105691	56.09756097560976	8.333333333333332	91.66666666666666
217	424.0	260.0	56.91056910569105	60.36585365853659	78.46153846153847	21.53846153846154
218	376.0	280.0	61.78861788617886	57.3170731707317	17.142857142857142	82.85714285714286
219	428.0	232.0	56.50406504065041	64.63414634146342	84.48275862068965	15.517241379310345
220	448.0	332.0	54.47154471544715	49.390243902439025	0.0	100.0
221	448.0	264.0	54.47154471544715	59.756097560975604	81.81818181818183	18.181818181818183
222	464.0	256.0	52.84552845528455	60.97560975609756	89.0625	10.9375
223	448.0	332.0	54.47154471544715	49.390243902439025	0.0	100.0
224	424.0	252.0	56.91056910569105	61.58536585365854	74.60317460317461	25.396825396825395
225	348.0	268.0	64.63414634146342	59.14634146341463	22.388059701492537	77.61194029850746
226	384.0	292.0	60.97560975609756	55.487804878048784	15.068493150684931	84.93150684931507
227	348.0	240.0	64.63414634146342	63.41463414634146	50.0	50.0
228	444.0	252.0	54.87804878048781	61.58536585365854	90.47619047619048	9.523809523809524
229	448.0	332.0	54.47154471544715	49.390243902439025	0.0	100.0
230	372.0	232.0	62.19512195121951	64.63414634146342	51.724137931034484	48.275862068965516
231	400.0	256.0	59.34959349593496	60.97560975609756	15.625	84.375
232	448.0	332.0	54.47154471544715	49.390243902439025	0.0	100.0
233	532.0	312.0	45.9349593495935	52.4390243902439	100.0	0.0
234	448.0	256.0	54.47154471544715	60.97560975609756	82.8125	17.1875
235	384.0	292.0	60.97560975609756	55.487804878048784	5.47945205479452	94.52054794520548
236	328.0	260.0	66.66666666666666	60.36585365853659	33.84615384615385	66.15384615384615
237	472.0	260.0	52.03252032520326	60.36585365853659	95.38461538461539	4.615384615384616
238	356.0	240.0	63.82113821138211	63.41463414634146	43.333333333333336	56.666666666666664
239	428.0	328.0	56.50406504065041	50.0	1.2195121951219512	98.78048780487805
240	448.0	236.0	54.47154471544715	64.02439024390245	93.22033898305084	6.779661016949152
241	444.0	264.0	54.87804878048781	59.756097560975604	86.36363636363636	13.636363636363635
242	444.0	336.0	54.87804878048781	48.78048780487805	1.1904761904761905	98.80952380952381
243	456.0	256.0	53.65853658536586	60.97560975609756	95.3125	4.6875
244	448.0	332.0	54.47154471544715	49.390243902439025	0.0	100.0
245	536.0	308.0	45.52845528455284	53.04878048780488	100.0	0.0
246	444.0	336.0	54.87804878048781	48.78048780487805	1.1904761904761905	98.80952380952381
247	444.0	336.0	54.87804878048781	48.78048780487805	1.1904761904761905	98.80952380952381
248	360.0	240.0	63.41463414634146	63.41463414634146	48.333333333333336	51.66666666666667
249	500.0	280.0	49.1869918699187	57.3170731707317	98.57142857142858	1.4285714285714286
250	480.0	264.0	51.21951219512195	59.756097560975604	96.96969696969697	3.0303030303030303
251	324.0	264.0	67.07317073170732	59.756097560975604	33.33333333333333	66.66666666666666
252	432.0	328.0	56.09756097560976	50.0	4.878048780487805	95.1219512195122
253	448.0	332.0	54.47154471544715	49.390243902439025	0.0	100.0
254	364.0	268.0	63.00813008130082	59.14634146341463	10.44776119402985	89.55223880597015
255	444.0	336.0	54.87804878048781	48.78048780487805	1.1904761904761905	98.80952380952381
256	524.0	280.0	46.7479674796748	57.3170731707317	100.0	0.0
257	340.0	272.0	65.4471544715447	58.536585365853654	25.0	75.0
258	448.0	332.0	54.47154471544715	49.390243902439025	0.0	100.0
259	480.0	264.0	51.21951219512195	59.756097560975604	96.96969696969697	3.0303030303030303
260	428.0	336.0	56.50406504065041	48.78048780487805	4.761904761904762	95.23809523809523
261	420.0	232.0	57.3170731707317	64.63414634146342	82.75862068965517	17.24137931034483
262	392.0	280.0	60.16260162601627	57.3170731707317	8.571428571428571	91.42857142857143
263	516.0	284.0	47.5609756097561	56.70731707317073	98.59154929577466	1.4084507042253522
264	436.0	240.0	55.6910569105691	63.41463414634146	85.0	15.0
265	448.0	332.0	54.47154471544715	49.390243902439025	0.0	100.0
266	532.0	316.0	45.9349593495935	51.829268292682926	100.0	0.0
267	372.0	240.0	62.19512195121951	63.41463414634146	61.66666666666667	38.333333333333336
268	532.0	308.0	45.9349593495935	53.04878048780488	100.0	0.0
269	412.0	244.0	58.13008130081301	62.80487804878049	78.68852459016394	21.311475409836063
270	448.0	332.0	54.47154471544715	49.390243902439025	0.0	100.0
271	368.0	248.0	62.601626016260155	62.19512195121951	32.25806451612903	67.74193548387096
272	508.0	284.0	48.3739837398374	56.70731707317073	98.59154929577466	1.4084507042253522
273	484.0	272.0	50.81300813008131	58.536585365853654	94.11764705882352	5.88235294117647
274	376.0	268.0	61.78861788617886	59.14634146341463	16.417910447761194	83.5820895522388
275	412.0	328.0	58.13008130081301	50.0	6.097560975609756	93.90243902439023
276	420.0	332.0	57.3170731707317	49.390243902439025	4.819277108433735	95.18072289156626
277	492.0	280.0	50.0	57.3170731707317	98.57142857142858	1.4285714285714286
278	368.0	236.0	62.601626016260155	64.02439024390245	55.932203389830505	44.06779661016949
279	412.0	324.0	58.13008130081301	50.609756097560975	6.172839506172839	93.82716049382715
280	524.0	308.0	46.7479674796748	53.04878048780488	100.0	0.0
281	444.0	244.0	54.87804878048781	62.80487804878049	95.08196721311475	4.918032786885246
282	440.0	332.0	55.28455284552846	49.390243902439025	0.0	100.0
283	404.0	312.0	58.94308943089431	52.4390243902439	8.974358974358974	91.02564102564102
284	336.0	272.0	65.85365853658537	58.536585365853654	25.0	75.0
285	460.0	248.0	53.2520325203252	62.19512195121951	93.54838709677419	6.451612903225806
286	492.0	264.0	50.0	59.756097560975604	98.48484848484848	1.5151515151515151
287	448.0	332.0	54.47154471544715	49.390243902439025	0.0	100.0
288	344.0	272.0	65.04065040650406	58.536585365853654	25.0	75.0
289	424.0	236.0	56.91056910569105	64.02439024390245	83.05084745762711	16.94915254237288
290	340.0	284.0	65.4471544715447	56.70731707317073	26.76056338028169	73.23943661971832
291	528.0	276.0	46.34146341463415	57.92682926829268	100.0	0.0
292	432.0	244.0	56.09756097560976	62.80487804878049	81.9672131147541	18.0327868852459
293	356.0	272.0	63.82113821138211	58.536585365853654	20.588235294117645	79.41176470588235
294	452.0	248.0	54.0650406504065	62.19512195121951	82.25806451612904	17.741935483870968
295	504.0	284.0	48.78048780487805	56.70731707317073	98.59154929577466	1.4084507042253522
296	416.0	244.0	57.72357723577236	62.80487804878049	75.40983606557377	24.59016393442623
297	344.0	248.0	65.04065040650406	62.19512195121951	43.54838709677419	56.451612903225815
298	424.0	320.0	56.91056910569105	51.21951219512195	1.25	98.75
299	368.0	240.0	62.601626016260155	63.41463414634146	55.00000000000001	45.0
300	424.0	248.0	56.91056910569105	62.19512195121951	85.48387096774194	14.516129032258066
301	356.0	248.0	63.82113821138211	62.19512195121951	56.451612903225815	43.54838709677419
302	336.0	276.0	65.85365853658537	57.92682926829268	31.88405797101449	68.11594202898551
303	448.0	332.0	54.47154471544715	49.390243902439025	0.0	100.0
304	408.0	248.0	58.536585365853654	62.19512195121951	67.74193548387096	32.25806451612903
305	524.0	304.0	46.7479674796748	53.65853658536586	98.68421052631578	1.3157894736842104
306	424.0	332.0	56.91056910569105	49.390243902439025	6.024096385542169	93.97590361445783
307	460.0	260.0	53.2520325203252	60.36585365853659	96.92307692307692	3.076923076923077
308	440.0	324.0	55.28455284552846	50.609756097560975	7.4074074074074066	92.5925925925926
309	448.0	332.0	54.47154471544715	49.390243902439025	0.0	100.0
310	432.0	336.0	56.09756097560976	48.78048780487805	3.571428571428571	96.42857142857143
311	440.0	336.0	55.28455284552846	48.78048780487805	1.1904761904761905	98.80952380952381
312	440.0	252.0	55.28455284552846	61.58536585365854	80.95238095238095	19.047619047619047
313	412.0	256.0	58.13008130081301	60.97560975609756	81.25	18.75
314	532.0	320.0	45.9349593495935	51.21951219512195	100.0	0.0
315	532.0	308.0	45.9349593495935	53.04878048780488	100.0	0.0
316	384.0	292.0	60.97560975609756	55.487804878048784	10.95890410958904	89.04109589041096
317	340.0	240.0	65.4471544715447	63.41463414634146	48.333333333333336	51.66666666666667
318	348.0	248.0	64.63414634146342	62.19512195121951	40.32258064516129	59.67741935483871
319	332.0	268.0	66.26016260162602	59.14634146341463	26.865671641791046	73.13432835820896
320	436.0	252.0	55.6910569105691	61.58536585365854	76.19047619047619	23.809523809523807
321	436.0	340.0	55.6910569105691	48.170731707317074	2.3529411764705883	97.6470588235294
322	448.0	256.0	54.47154471544715	60.97560975609756	78.125	21.875
323	432.0	336.0	56.09756097560976	48.78048780487805	2.380952380952381	97.61904761904762
324	500.0	276.0	49.1869918699187	57.92682926829268	98.55072463768117	1.4492753623188406
325	444.0	332.0	54.87804878048781	49.390243902439025	0.0	100.0
326	440.0	240.0	55.28455284552846	63.41463414634146	93.33333333333333	6.666666666666667
327	448.0	244.0	54.47154471544715	62.80487804878049	93.44262295081968	6.557377049180328
328	432.0	336.0	56.09756097560976	48.78048780487805	3.571428571428571	96.42857142857143
329	452.0	252.0	54.0650406504065	61.58536585365854	96.82539682539682	3.1746031746031744
330	344.0	240.0	65.04065040650406	63.41463414634146	43.333333333333336	56.666666666666664
331	440.0	332.0	55.28455284552846	49.390243902439025	0.0	100.0
332	352.0	252.0	64.22764227642277	61.58536585365854	33.33333333333333	66.66666666666666
333	352.0	272.0	64.22764227642277	58.536585365853654	20.588235294117645	79.41176470588235
334	352.0	232.0	64.22764227642277	64.63414634146342	44.827586206896555	55.172413793103445
335	440.0	336.0	55.28455284552846	48.78048780487805	1.1904761904761905	98.80952380952381
336	324.0	264.0	67.07317073170732	59.756097560975604	33.33333333333333	66.66666666666666
337	364.0	256.0	63.00813008130082	60.97560975609756	14.0625	85.9375
338	536.0	324.0	45.52845528455284	50.609756097560975	100.0	0.0
339	308.0	248.0	68.69918699186992	62.19512195121951	37.096774193548384	62.903225806451616
340	444.0	332.0	54.87804878048781	49.390243902439025	6.024096385542169	93.97590361445783
341	364.0	280.0	63.00813008130082	57.3170731707317	11.428571428571429	88.57142857142857
342	332.0	256.0	66.26016260162602	60.97560975609756	28.125	71.875
343	440.0	332.0	55.28455284552846	49.390243902439025	0.0	100.0
344	348.0	264.0	64.63414634146342	59.756097560975604	13.636363636363635	86.36363636363636
345	452.0	256.0	54.0650406504065	60.97560975609756	89.0625	10.9375
346	344.0	268.0	65.04065040650406	59.14634146341463	25.37313432835821	74.6268656716418
347	364.0	268.0	63.00813008130082	59.14634146341463	13.432835820895523	86.56716417910447
348	324.0	244.0	67.07317073170732	62.80487804878049	34.42622950819672	65.57377049180327
349	448.0	332.0	54.47154471544715	49.390243902439025	0.0	100.0
350	440.0	332.0	55.28455284552846	49.390243902439025	0.0	100.0
351	440.0	332.0	55.28455284552846	49.390243902439025	0.0	100.0
352	340.0	228.0	65.4471544715447	65.2439024390244	50.877192982456144	49.122807017543856
353	320.0	252.0	67.47967479674797	61.58536585365854	30.158730158730158	69.84126984126983
354	484.0	264.0	50.81300813008131	59.756097560975604	96.96969696969697	3.0303030303030303
355	420.0	252.0	57.3170731707317	61.58536585365854	77.77777777777779	22.22222222222222
356	352.0	216.0	64.22764227642277	67.07317073170732	62.96296296296296	37.03703703703704
357	428.0	248.0	56.50406504065041	62.19512195121951	70.96774193548387	29.03225806451613
358	424.0	316.0	56.91056910569105	51.829268292682926	7.59493670886076	92.40506329113924
359	320.0	248.0	67.47967479674797	62.19512195121951	48.38709677419355	51.61290322580645
360	492.0	276.0	50.0	57.92682926829268	97.10144927536231	2.898550724637681
361	348.0	224.0	64.63414634146342	65.85365853658537	50.0	50.0
362	432.0	332.0	56.09756097560976	49.390243902439025	3.614457831325301	96.3855421686747
363	444.0	244.0	54.87804878048781	62.80487804878049	93.44262295081968	6.557377049180328
364	396.0	300.0	59.756097560975604	54.268292682926834	6.666666666666667	93.33333333333333
365	404.0	320.0	58.94308943089431	51.21951219512195	5.0	95.0
366	448.0	332.0	54.47154471544715	49.390243902439025	0.0	100.0
367	484.0	264.0	50.81300813008131	59.756097560975604	96.96969696969697	3.0303030303030303
368	428.0	332.0	56.50406504065041	49.390243902439025	2.4096385542168677	97.59036144578313
369	376.0	280.0	61.78861788617886	57.3170731707317	8.571428571428571	91.42857142857143
370	448.0	332.0	54.47154471544715	49.390243902439025	0.0	100.0
371	440.0	340.0	55.28455284552846	48.170731707317074	2.3529411764705883	97.6470588235294
372	512.0	288.0	47.96747967479675	56.09756097560976	98.61111111111111	1.3888888888888888
373	392.0	236.0	60.16260162601627	64.02439024390245	66.10169491525424	33.89830508474576
374	308.0	240.0	68.69918699186992	63.41463414634146	38.333333333333336	61.66666666666667
375	536.0	324.0	45.52845528455284	50.609756097560975	100.0	0.0
376	380.0	288.0	61.382113821138205	56.09756097560976	8.333333333333332	91.66666666666666
377	436.0	240.0	55.6910569105691	63.41463414634146	80.0	20.0
378	448.0	332.0	54.47154471544715	49.390243902439025	0.0	100.0
379	448.0	332.0	54.47154471544715	49.390243902439025	0.0	100.0
380	380.0	224.0	61.382113821138205	65.85365853658537	58.92857142857143	41.07142857142857
381	436.0	340.0	55.6910569105691	48.170731707317074	3.5294117647058822	96.47058823529412
382	464.0	276.0	52.84552845528455	57.92682926829268	97.10144927536231	2.898550724637681
383	308.0	252.0	68.69918699186992	61.58536585365854	34.92063492063492	65.07936507936508
384	536.0	324.0	45.52845528455284	50.609756097560975	100.0	0.0
385	412.0	324.0	58.13008130081301	50.609756097560975	4.938271604938271	95.06172839506173
386	384.0	236.0	60.97560975609756	64.02439024390245	66.10169491525424	33.89830508474576
387	412.0	320.0	58.13008130081301	51.21951219512195	5.0	95.0
388	536.0	324.0	45.52845528455284	50.609756097560975	100.0	0.0
389	424.0	336.0	56.91056910569105	48.78048780487805	3.571428571428571	96.42857142857143
390	336.0	260.0	65.85365853658537	60.36585365853659	27.692307692307693	72.3076923076923
391	516.0	284.0	47.5609756097561	56.70731707317073	100.0	0.0
392	336.0	260.0	65.85365853658537	60.36585365853659	21.53846153846154	78.46153846153847
393	316.0	240.0	67.88617886178862	63.41463414634146	33.33333333333333	66.66666666666666
394	444.0	336.0	54.87804878048781	48.78048780487805	1.1904761904761905	98.80952380952381
395	460.0	252.0	53.2520325203252	61.58536585365854	95.23809523809523	4.761904761904762
396	412.0	248.0	58.13008130081301	62.19512195121951	75.80645161290323	24.193548387096776
397	444.0	332.0	54.87804878048781	49.390243902439025	0.0	100.0
398	364.0	264.0	63.00813008130082	59.756097560975604	10.606060606060606	89.39393939393939
399	340.0	244.0	65.4471544715447	62.80487804878049	31.147540983606557	68.85245901639344
400	440.0	340.0	55.28455284552846	48.170731707317074	2.3529411764705883	97.6470588235294
401	440.0	340.0	55.28455284552846	48.170731707317074	2.3529411764705883	97.6470588235294
402	532.0	320.0	45.9349593495935	51.21951219512195	100.0	0.0
403	432.0	336.0	56.09756097560976	48.78048780487805	3.571428571428571	96.42857142857143
404	344.0	236.0	65.04065040650406	64.02439024390245	33.89830508474576	66.10169491525424
405	428.0	244.0	56.50406504065041	62.80487804878049	75.40983606557377	24.59016393442623
406	380.0	232.0	61.382113821138205	64.63414634146342	55.172413793103445	44.827586206896555
407	396.0	244.0	59.756097560975604	62.80487804878049	65.57377049180327	34.42622950819672
408	448.0	332.0	54.47154471544715	49.390243902439025	0.0	100.0
409	440.0	244.0	55.28455284552846	62.80487804878049	83.60655737704919	16.39344262295082
410	540.0	280.0	45.1219512195122	57.3170731707317	100.0	0.0
411	352.0	260.0	64.22764227642277	60.36585365853659	38.46153846153847	61.53846153846154
412	476.0	268.0	51.6260162601626	59.14634146341463	97.01492537313433	2.9850746268656714
413	376.0	288.0	61.78861788617886	56.09756097560976	6.944444444444445	93.05555555555556
414	420.0	252.0	57.3170731707317	61.58536585365854	79.36507936507937	20.634920634920633
415	396.0	312.0	59.756097560975604	52.4390243902439	6.41025641025641	93.58974358974359
416	420.0	332.0	57.3170731707317	49.390243902439025	6.024096385542169	93.97590361445783
417	440.0	340.0	55.28455284552846	48.170731707317074	2.3529411764705883	97.6470588235294
418	364.0	224.0	63.00813008130082	65.85365853658537	62.5	37.5
419	336.0	256.0	65.85365853658537	60.97560975609756	25.0	75.0
420	356.0	248.0	63.82113821138211	62.19512195121951	29.03225806451613	70.96774193548387
421	508.0	280.0	48.3739837398374	57.3170731707317	97.14285714285714	2.857142857142857
422	396.0	240.0	59.756097560975604	63.41463414634146	73.33333333333333	26.666666666666668
423	444.0	332.0	54.87804878048781	49.390243902439025	0.0	100.0
424	356.0	236.0	63.82113821138211	64.02439024390245	54.23728813559322	45.76271186440678
425	524.0	260.0	46.7479674796748	60.36585365853659	100.0	0.0
426	448.0	332.0	54.47154471544715	49.390243902439025	0.0	100.0
427	392.0	232.0	60.16260162601627	64.63414634146342	63.793103448275865	36.206896551724135
428	440.0	244.0	55.28455284552846	62.80487804878049	91.80327868852459	8.19672131147541
429	356.0	264.0	63.82113821138211	59.756097560975604	24.242424242424242	75.75757575757575
430	536.0	324.0	45.52845528455284	50.609756097560975	100.0	0.0
431	440.0	332.0	55.28455284552846	49.390243902439025	0.0	100.0
432	360.0	272.0	63.41463414634146	58.536585365853654	7.352941176470589	92.64705882352942
433	480.0	264.0	51.21951219512195	59.756097560975604	96.96969696969697	3.0303030303030303
434	400.0	316.0	59.34959349593496	51.829268292682926	6.329113924050633	93.67088607594937
435	376.0	284.0	61.78861788617886	56.70731707317073	7.042253521126761	92.95774647887323
436	396.0	240.0	59.756097560975604	63.41463414634146	65.0	35.0
437	536.0	324.0	45.52845528455284	50.609756097560975	100.0	0.0
438	332.0	252.0	66.26016260162602	61.58536585365854	19.047619047619047	80.95238095238095
439	344.0	256.0	65.04065040650406	60.97560975609756	10.9375	89.0625
440	324.0	252.0	67.07317073170732	61.58536585365854	28.57142857142857	71.42857142857143
441	304.0	244.0	69.10569105691057	62.80487804878049	36.0655737704918	63.934426229508205
442	468.0	252.0	52.4390243902439	61.58536585365854	87.3015873015873	12.698412698412698
443	436.0	336.0	55.6910569105691	48.78048780487805	2.380952380952381	97.61904761904762
444	424.0	328.0	56.91056910569105	50.0	2.4390243902439024	97.5609756097561
445	380.0	304.0	61.382113821138205	53.65853658536586	6.578947368421052	93.42105263157895
446	336.0	264.0	65.85365853658537	59.756097560975604	18.181818181818183	81.81818181818183
447	516.0	288.0	47.5609756097561	56.09756097560976	98.61111111111111	1.3888888888888888
448	432.0	332.0	56.09756097560976	49.390243902439025	4.819277108433735	95.18072289156626
449	488.0	268.0	50.40650406504065	59.14634146341463	97.01492537313433	2.9850746268656714
450	316.0	232.0	67.88617886178862	64.63414634146342	43.103448275862064	56.896551724137936
451	436.0	228.0	55.6910569105691	65.2439024390244	78.94736842105263	21.052631578947366
452	444.0	332.0	54.87804878048781	49.390243902439025	0.0	100.0
453	312.0	248.0	68.29268292682927	62.19512195121951	32.25806451612903	67.74193548387096
454	440.0	332.0	55.28455284552846	49.390243902439025	0.0	100.0
455	468.0	264.0	52.4390243902439	59.756097560975604	93.93939393939394	6.0606060606060606
456	412.0	320.0	58.13008130081301	51.21951219512195	6.25	93.75
457	440.0	332.0	55.28455284552846	49.390243902439025	0.0	100.0
458	448.0	332.0	54.47154471544715	49.390243902439025	0.0	100.0
459	308.0	236.0	68.69918699186992	64.02439024390245	38.983050847457626	61.016949152542374
460	536.0	324.0	45.52845528455284	50.609756097560975	100.0	0.0
461	416.0	332.0	57.72357723577236	49.390243902439025	6.024096385542169	93.97590361445783
462	344.0	260.0	65.04065040650406	60.36585365853659	12.307692307692308	87.6923076923077
463	532.0	312.0	45.9349593495935	52.4390243902439	100.0	0.0
464	444.0	332.0	54.87804878048781	49.390243902439025	0.0	100.0
465	440.0	332.0	55.28455284552846	49.390243902439025	0.0	100.0
466	440.0	336.0	55.28455284552846	48.78048780487805	1.1904761904761905	98.80952380952381
467	336.0	244.0	65.85365853658537	62.80487804878049	42.62295081967213	57.377049180327866
468	368.0	280.0	62.601626016260155	57.3170731707317	8.571428571428571	91.42857142857143
469	512.0	288.0	47.96747967479675	56.09756097560976	98.61111111111111	1.3888888888888888
470	428.0	324.0	56.50406504065041	50.609756097560975	6.172839506172839	93.82716049382715
471	344.0	232.0	65.04065040650406	64.63414634146342	60.3448275862069	39.6551724137931
472	448.0	332.0	54.47154471544715	49.390243902439025	0.0	100.0
473	444.0	252.0	54.87804878048781	61.58536585365854	87.3015873015873	12.698412698412698
474	420.0	232.0	57.3170731707317	64.63414634146342	79.3103448275862	20.689655172413794
475	448.0	332.0	54.47154471544715	49.390243902439025	0.0	100.0
476	312.0	232.0	68.29268292682927	64.63414634146342	41.37931034482759	58.620689655172406
477	480.0	284.0	51.21951219512195	56.70731707317073	97.1830985915493	2.8169014084507045
478	364.0	252.0	63.00813008130082	61.58536585365854	34.92063492063492	65.07936507936508
479	416.0	320.0	57.72357723577236	51.21951219512195	10.0	90.0
480	412.0	312.0	58.13008130081301	52.4390243902439	6.41025641025641	93.58974358974359
481	460.0	252.0	53.2520325203252	61.58536585365854	88.88888888888889	11.11111111111111
482	356.0	240.0	63.82113821138211	63.41463414634146	43.333333333333336	56.666666666666664
483	444.0	244.0	54.87804878048781	62.80487804878049	93.44262295081968	6.557377049180328
484	312.0	236.0	68.29268292682927	64.02439024390245	30.508474576271187	69.49152542372882
485	360.0	228.0	63.41463414634146	65.2439024390244	52.63157894736842	47.368421052631575
486	408.0	252.0	58.536585365853654	61.58536585365854	69.84126984126983	30.158730158730158
487	332.0	244.0	66.26016260162602	62.80487804878049	37.704918032786885	62.295081967213115
488	392.0	232.0	60.16260162601627	64.63414634146342	74.13793103448276	25.862068965517242
489	472.0	264.0	52.03252032520326	59.756097560975604	96.96969696969697	3.0303030303030303
490	336.0	256.0	65.85365853658537	60.97560975609756	12.5	87.5
491	460.0	252.0	53.2520325203252	61.58536585365854	88.88888888888889	11.11111111111111
492	376.0	280.0	61.78861788617886	57.3170731707317	8.571428571428571	91.42857142857143
493	468.0	264.0	52.4390243902439	59.756097560975604	89.39393939393939	10.606060606060606
494	444.0	336.0	54.87804878048781	48.78048780487805	1.1904761904761905	98.80952380952381
495	444.0	332.0	54.87804878048781	49.390243902439025	0.0	100.0
496	344.0	264.0	65.04065040650406	59.756097560975604	16.666666666666664	83.33333333333334
497	512.0	288.0	47.96747967479675	56.09756097560976	98.61111111111111	1.3888888888888888
498	344.0	256.0	65.04065040650406	60.97560975609756	21.875	78.125
499	460.0	264.0	53.2520325203252	59.756097560975604	87.87878787878788	12.121212121212121
