0	504.0	356.0	48.78048780487805	45.73170731707317	91.01123595505618	8.98876404494382
1	460.0	320.0	53.2520325203252	51.21951219512195	0.0	100.0
2	476.0	316.0	51.6260162601626	51.829268292682926	97.46835443037975	2.5316455696202533
3	524.0	336.0	46.7479674796748	48.78048780487805	100.0	0.0
4	524.0	336.0	46.7479674796748	48.78048780487805	100.0	0.0
5	524.0	336.0	46.7479674796748	48.78048780487805	100.0	0.0
6	452.0	308.0	54.0650406504065	53.04878048780488	0.0	100.0
7	460.0	344.0	53.2520325203252	47.5609756097561	90.69767441860465	9.30232558139535
8	420.0	328.0	57.3170731707317	50.0	8.536585365853659	91.46341463414635
9	488.0	328.0	50.40650406504065	50.0	95.1219512195122	4.878048780487805
10	524.0	336.0	46.7479674796748	48.78048780487805	100.0	0.0
11	444.0	328.0	54.87804878048781	50.0	12.195121951219512	87.8048780487805
12	460.0	320.0	53.2520325203252	51.21951219512195	0.0	100.0
13	396.0	328.0	59.756097560975604	50.0	13.414634146341465	86.58536585365853
14	376.0	328.0	61.78861788617886	50.0	15.853658536585366	84.14634146341463
15	388.0	324.0	60.56910569105691	50.609756097560975	25.925925925925924	74.07407407407408
16	400.0	316.0	59.34959349593496	51.829268292682926	8.860759493670885	91.13924050632912
17	496.0	332.0	49.59349593495935	49.390243902439025	98.79518072289156	1.2048192771084338
18	372.0	316.0	62.19512195121951	51.829268292682926	50.63291139240506	49.36708860759494
19	516.0	336.0	47.5609756097561	48.78048780487805	100.0	0.0
20	524.0	336.0	46.7479674796748	48.78048780487805	100.0	0.0
21	448.0	304.0	54.47154471544715	53.65853658536586	1.3157894736842104	98.68421052631578
22	384.0	336.0	60.97560975609756	48.78048780487805	75.0	25.0
23	448.0	340.0	54.47154471544715	48.170731707317074	91.76470588235294	8.235294117647058
24	524.0	336.0	46.7479674796748	48.78048780487805	100.0	0.0
25	524.0	336.0	46.7479674796748	48.78048780487805	100.0	0.0
26	416.0	328.0	57.72357723577236	50.0	82.92682926829268	17.073170731707318
27	460.0	320.0	53.2520325203252	51.21951219512195	0.0	100.0
28	388.0	320.0	60.56910569105691	51.21951219512195	10.0	90.0
29	312.0	300.0	68.29268292682927	54.268292682926834	41.333333333333336	58.666666666666664
30	356.0	332.0	63.82113821138211	49.390243902439025	44.57831325301205	55.42168674698795
31	368.0	308.0	62.601626016260155	53.04878048780488	12.987012987012985	87.01298701298701
32	500.0	336.0	49.1869918699187	48.78048780487805	98.80952380952381	1.1904761904761905
33	476.0	308.0	51.6260162601626	53.04878048780488	100.0	0.0
34	524.0	336.0	46.7479674796748	48.78048780487805	100.0	0.0
35	460.0	320.0	53.2520325203252	51.21951219512195	0.0	100.0
36	324.0	312.0	67.07317073170732	52.4390243902439	25.64102564102564	74.35897435897436
37	436.0	300.0	55.6910569105691	54.268292682926834	84.0	16.0
38	316.0	292.0	67.88617886178862	55.487804878048784	45.20547945205479	54.794520547945204
39	508.0	336.0	48.3739837398374	48.78048780487805	100.0	0.0
40	460.0	320.0	53.2520325203252	51.21951219512195	0.0	100.0
41	392.0	320.0	60.16260162601627	51.21951219512195	8.75	91.25
42	344.0	300.0	65.04065040650406	54.268292682926834	21.333333333333336	78.66666666666666
43	404.0	324.0	58.94308943089431	50.609756097560975	17.28395061728395	82.71604938271605
44	460.0	320.0	53.2520325203252	51.21951219512195	0.0	100.0
45	308.0	300.0	68.69918699186992	54.268292682926834	41.333333333333336	58.666666666666664
46	348.0	308.0	64.63414634146342	53.04878048780488	11.688311688311687	88.31168831168831
47	460.0	320.0	53.2520325203252	51.21951219512195	1.25	98.75
48	328.0	308.0	66.66666666666666	53.04878048780488	41.55844155844156	58.44155844155844
49	360.0	304.0	63.41463414634146	53.65853658536586	11.842105263157894	88.1578947368421
50	344.0	260.0	65.04065040650406	60.36585365853659	73.84615384615385	26.153846153846157
51	320.0	296.0	67.47967479674797	54.87804878048781	39.189189189189186	60.810810810810814
52	384.0	336.0	60.97560975609756	48.78048780487805	71.42857142857143	28.57142857142857
53	292.0	304.0	70.32520325203252	53.65853658536586	42.10526315789473	57.89473684210527
54	496.0	336.0	49.59349593495935	48.78048780487805	97.61904761904762	2.380952380952381
55	332.0	332.0	66.26016260162602	49.390243902439025	65.06024096385542	34.93975903614458
56	332.0	324.0	66.26016260162602	50.609756097560975	17.28395061728395	82.71604938271605
57	348.0	300.0	64.63414634146342	54.268292682926834	16.0	84.0
58	460.0	320.0	53.2520325203252	51.21951219512195	0.0	100.0
59	332.0	296.0	66.26016260162602	54.87804878048781	44.5945945945946	55.4054054054054
60	460.0	320.0	53.2520325203252	51.21951219512195	0.0	100.0
61	308.0	276.0	68.69918699186992	57.92682926829268	68.11594202898551	31.88405797101449
62	308.0	304.0	68.69918699186992	53.65853658536586	21.052631578947366	78.94736842105263
63	460.0	320.0	53.2520325203252	51.21951219512195	0.0	100.0
64	424.0	304.0	56.91056910569105	53.65853658536586	94.73684210526315	5.263157894736842
65	460.0	320.0	53.2520325203252	51.21951219512195	0.0	100.0
66	396.0	320.0	59.756097560975604	51.21951219512195	7.5	92.5
67	300.0	288.0	69.51219512195121	56.09756097560976	44.44444444444444	55.55555555555556
68	432.0	336.0	56.09756097560976	48.78048780487805	84.52380952380952	15.476190476190476
69	460.0	320.0	53.2520325203252	51.21951219512195	0.0	100.0
70	524.0	336.0	46.7479674796748	48.78048780487805	100.0	0.0
71	460.0	320.0	53.2520325203252	51.21951219512195	0.0	100.0
72	468.0	332.0	52.4390243902439	49.390243902439025	98.79518072289156	1.2048192771084338
73	316.0	316.0	67.88617886178862	51.829268292682926	16.455696202531644	83.54430379746836
74	288.0	300.0	70.73170731707317	54.268292682926834	48.0	52.0
75	524.0	336.0	46.7479674796748	48.78048780487805	100.0	0.0
76	316.0	312.0	67.88617886178862	52.4390243902439	15.384615384615385	84.61538461538461
77	340.0	312.0	65.4471544715447	52.4390243902439	14.102564102564102	85.8974358974359
78	448.0	324.0	54.47154471544715	50.609756097560975	4.938271604938271	95.06172839506173
79	424.0	296.0	56.91056910569105	54.87804878048781	95.94594594594594	4.054054054054054
80	524.0	336.0	46.7479674796748	48.78048780487805	100.0	0.0
81	296.0	304.0	69.91869918699187	53.65853658536586	46.05263157894737	53.94736842105263
82	376.0	324.0	61.78861788617886	50.609756097560975	12.345679012345679	87.65432098765432
83	348.0	260.0	64.63414634146342	60.36585365853659	73.84615384615385	26.153846153846157
84	420.0	308.0	57.3170731707317	53.04878048780488	94.8051948051948	5.194805194805195
85	444.0	324.0	54.87804878048781	50.609756097560975	6.172839506172839	93.82716049382715
86	288.0	292.0	70.73170731707317	55.487804878048784	35.61643835616438	64.38356164383562
87	300.0	296.0	69.51219512195121	54.87804878048781	47.2972972972973	52.702702702702695
88	508.0	328.0	48.3739837398374	50.0	100.0	0.0
89	444.0	308.0	54.87804878048781	53.04878048780488	94.8051948051948	5.194805194805195
90	288.0	292.0	70.73170731707317	55.487804878048784	35.61643835616438	64.38356164383562
91	288.0	304.0	70.73170731707317	53.65853658536586	38.15789473684211	61.8421052631579
92	316.0	312.0	67.88617886178862	52.4390243902439	16.666666666666664	83.33333333333334
93	424.0	300.0	56.91056910569105	54.268292682926834	94.66666666666667	5.333333333333334
94	352.0	288.0	64.22764227642277	56.09756097560976	34.72222222222222	65.27777777777779
95	484.0	332.0	50.81300813008131	49.390243902439025	98.79518072289156	1.2048192771084338
96	308.0	280.0	68.69918699186992	57.3170731707317	64.28571428571429	35.714285714285715
97	452.0	324.0	54.0650406504065	50.609756097560975	2.4691358024691357	97.53086419753086
98	464.0	332.0	52.84552845528455	49.390243902439025	98.79518072289156	1.2048192771084338
99	260.0	296.0	73.57723577235772	54.87804878048781	44.5945945945946	55.4054054054054
100	372.0	316.0	62.19512195121951	51.829268292682926	12.658227848101266	87.34177215189874
101	460.0	320.0	53.2520325203252	51.21951219512195	0.0	100.0
102	524.0	336.0	46.7479674796748	48.78048780487805	100.0	0.0
103	428.0	332.0	56.50406504065041	49.390243902439025	9.63855421686747	90.36144578313254
104	360.0	256.0	63.41463414634146	60.97560975609756	78.125	21.875
105	268.0	296.0	72.76422764227642	54.87804878048781	44.5945945945946	55.4054054054054
106	292.0	288.0	70.32520325203252	56.09756097560976	30.555555555555557	69.44444444444444
107	300.0	296.0	69.51219512195121	54.87804878048781	27.027027027027028	72.97297297297297
108	320.0	300.0	67.47967479674797	54.268292682926834	53.333333333333336	46.666666666666664
109	296.0	308.0	69.91869918699187	53.04878048780488	25.97402597402597	74.02597402597402
110	304.0	272.0	69.10569105691057	58.536585365853654	48.529411764705884	51.470588235294116
111	524.0	336.0	46.7479674796748	48.78048780487805	100.0	0.0
112	340.0	244.0	65.4471544715447	62.80487804878049	80.32786885245902	19.672131147540984
113	284.0	288.0	71.13821138211382	56.09756097560976	34.72222222222222	65.27777777777779
114	456.0	324.0	53.65853658536586	50.609756097560975	1.2345679012345678	98.76543209876543
115	524.0	336.0	46.7479674796748	48.78048780487805	100.0	0.0
116	460.0	320.0	53.2520325203252	51.21951219512195	0.0	100.0
117	508.0	328.0	48.3739837398374	50.0	100.0	0.0
118	316.0	276.0	67.88617886178862	57.92682926829268	50.72463768115942	49.275362318840585
119	524.0	336.0	46.7479674796748	48.78048780487805	100.0	0.0
120	396.0	320.0	59.756097560975604	51.21951219512195	6.25	93.75
121	460.0	320.0	53.2520325203252	51.21951219512195	0.0	100.0
122	284.0	280.0	71.13821138211382	57.3170731707317	22.857142857142858	77.14285714285715
123	476.0	324.0	51.6260162601626	50.609756097560975	98.76543209876543	1.2345679012345678
124	276.0	292.0	71.95121951219512	55.487804878048784	36.986301369863014	63.013698630136986
125	280.0	284.0	71.54471544715447	56.70731707317073	32.3943661971831	67.6056338028169
126	428.0	332.0	56.50406504065041	49.390243902439025	4.819277108433735	95.18072289156626
127	416.0	300.0	57.72357723577236	54.268292682926834	98.66666666666667	1.3333333333333335
128	460.0	320.0	53.2520325203252	51.21951219512195	0.0	100.0
129	304.0	256.0	69.10569105691057	60.97560975609756	64.0625	35.9375
130	520.0	336.0	47.15447154471545	48.78048780487805	100.0	0.0
131	392.0	256.0	60.16260162601627	60.97560975609756	93.75	6.25
132	452.0	336.0	54.0650406504065	48.78048780487805	4.761904761904762	95.23809523809523
133	452.0	328.0	54.0650406504065	50.0	98.78048780487805	1.2195121951219512
134	260.0	288.0	73.57723577235772	56.09756097560976	40.27777777777778	59.72222222222222
135	444.0	328.0	54.87804878048781	50.0	6.097560975609756	93.90243902439023
136	524.0	336.0	46.7479674796748	48.78048780487805	100.0	0.0
137	344.0	328.0	65.04065040650406	50.0	13.414634146341465	86.58536585365853
138	508.0	328.0	48.3739837398374	50.0	100.0	0.0
139	524.0	336.0	46.7479674796748	48.78048780487805	100.0	0.0
140	312.0	316.0	68.29268292682927	51.829268292682926	21.518987341772153	78.48101265822784
141	460.0	320.0	53.2520325203252	51.21951219512195	0.0	100.0
142	484.0	328.0	50.81300813008131	50.0	98.78048780487805	1.2195121951219512
143	396.0	296.0	59.756097560975604	54.87804878048781	95.94594594594594	4.054054054054054
144	276.0	288.0	71.95121951219512	56.09756097560976	33.33333333333333	66.66666666666666
145	308.0	272.0	68.69918699186992	58.536585365853654	54.41176470588235	45.588235294117645
146	460.0	320.0	53.2520325203252	51.21951219512195	0.0	100.0
147	320.0	232.0	67.47967479674797	64.63414634146342	86.20689655172413	13.793103448275861
148	460.0	320.0	53.2520325203252	51.21951219512195	0.0	100.0
149	348.0	320.0	64.63414634146342	51.21951219512195	12.5	87.5
150	356.0	320.0	63.82113821138211	51.21951219512195	13.750000000000002	86.25
151	304.0	280.0	69.10569105691057	57.3170731707317	18.571428571428573	81.42857142857143
152	292.0	296.0	70.32520325203252	54.87804878048781	25.675675675675674	74.32432432432432
153	412.0	272.0	58.13008130081301	58.536585365853654	89.70588235294117	10.294117647058822
154	460.0	320.0	53.2520325203252	51.21951219512195	0.0	100.0
155	460.0	320.0	53.2520325203252	51.21951219512195	0.0	100.0
156	312.0	232.0	68.29268292682927	64.63414634146342	81.03448275862068	18.96551724137931
157	396.0	328.0	59.756097560975604	50.0	4.878048780487805	95.1219512195122
158	460.0	320.0	53.2520325203252	51.21951219512195	0.0	100.0
159	260.0	252.0	73.57723577235772	61.58536585365854	60.317460317460316	39.682539682539684
160	460.0	320.0	53.2520325203252	51.21951219512195	0.0	100.0
161	256.0	272.0	73.98373983739837	58.536585365853654	51.470588235294116	48.529411764705884
162	460.0	320.0	53.2520325203252	51.21951219512195	0.0	100.0
163	292.0	248.0	70.32520325203252	62.19512195121951	64.51612903225806	35.483870967741936
164	292.0	304.0	70.32520325203252	53.65853658536586	28.947368421052634	71.05263157894737
165	456.0	320.0	53.65853658536586	51.21951219512195	0.0	100.0
166	324.0	320.0	67.07317073170732	51.21951219512195	16.25	83.75
167	444.0	336.0	54.87804878048781	48.78048780487805	4.761904761904762	95.23809523809523
168	316.0	300.0	67.88617886178862	54.268292682926834	18.666666666666668	81.33333333333333
169	272.0	300.0	72.35772357723577	54.268292682926834	33.33333333333333	66.66666666666666
170	240.0	276.0	75.60975609756098	57.92682926829268	50.72463768115942	49.275362318840585
171	376.0	276.0	61.78861788617886	57.92682926829268	94.20289855072464	5.797101449275362
172	272.0	272.0	72.35772357723577	58.536585365853654	47.05882352941176	52.94117647058824
173	356.0	316.0	63.82113821138211	51.829268292682926	12.658227848101266	87.34177215189874
174	400.0	328.0	59.34959349593496	50.0	4.878048780487805	95.1219512195122
175	276.0	248.0	71.95121951219512	62.19512195121951	66.12903225806451	33.87096774193548
176	264.0	260.0	73.17073170731707	60.36585365853659	36.92307692307693	63.07692307692307
177	424.0	308.0	56.91056910569105	53.04878048780488	98.7012987012987	1.2987012987012987
178	388.0	324.0	60.56910569105691	50.609756097560975	92.5925925925926	7.4074074074074066
179	304.0	228.0	69.10569105691057	65.2439024390244	82.45614035087719	17.543859649122805
180	460.0	320.0	53.2520325203252	51.21951219512195	0.0	100.0
181	276.0	276.0	71.95121951219512	57.92682926829268	43.47826086956522	56.52173913043478
182	452.0	296.0	54.0650406504065	54.87804878048781	97.2972972972973	2.7027027027027026
183	372.0	248.0	62.19512195121951	62.19512195121951	96.7741935483871	3.225806451612903
184	444.0	324.0	54.87804878048781	50.609756097560975	3.7037037037037033	96.29629629629629
185	248.0	220.0	74.79674796747967	66.46341463414635	72.72727272727273	27.27272727272727
186	520.0	336.0	47.15447154471545	48.78048780487805	100.0	0.0
187	264.0	244.0	73.17073170731707	62.80487804878049	77.04918032786885	22.950819672131146
188	408.0	296.0	58.536585365853654	54.87804878048781	95.94594594594594	4.054054054054054
189	256.0	240.0	73.98373983739837	63.41463414634146	71.66666666666667	28.333333333333332
190	272.0	296.0	72.35772357723577	54.87804878048781	28.37837837837838	71.62162162162163
191	412.0	332.0	58.13008130081301	49.390243902439025	6.024096385542169	93.97590361445783
192	504.0	328.0	48.78048780487805	50.0	100.0	0.0
193	276.0	252.0	71.95121951219512	61.58536585365854	66.66666666666666	33.33333333333333
194	504.0	328.0	48.78048780487805	50.0	100.0	0.0
195	248.0	248.0	74.79674796747967	62.19512195121951	56.451612903225815	43.54838709677419
196	424.0	332.0	56.91056910569105	49.390243902439025	4.819277108433735	95.18072289156626
197	296.0	300.0	69.91869918699187	54.268292682926834	24.0	76.0
198	496.0	328.0	49.59349593495935	50.0	100.0	0.0
199	476.0	316.0	51.6260162601626	51.829268292682926	97.46835443037975	2.5316455696202533
200	448.0	324.0	54.47154471544715	50.609756097560975	1.2345679012345678	98.76543209876543
201	304.0	300.0	69.10569105691057	54.268292682926834	20.0	80.0
202	356.0	228.0	63.82113821138211	65.2439024390244	87.71929824561403	12.280701754385964
203	520.0	336.0	47.15447154471545	48.78048780487805	100.0	0.0
204	456.0	320.0	53.65853658536586	51.21951219512195	0.0	100.0
205	300.0	248.0	69.51219512195121	62.19512195121951	72.58064516129032	27.419354838709676
206	248.0	276.0	74.79674796747967	57.92682926829268	40.57971014492754	59.42028985507246
207	268.0	244.0	72.76422764227642	62.80487804878049	65.57377049180327	34.42622950819672
208	260.0	260.0	73.57723577235772	60.36585365853659	53.84615384615385	46.15384615384615
209	364.0	332.0	63.00813008130082	49.390243902439025	10.843373493975903	89.1566265060241
210	292.0	260.0	70.32520325203252	60.36585365853659	52.307692307692314	47.69230769230769
211	332.0	312.0	66.26016260162602	52.4390243902439	11.538461538461538	88.46153846153845
212	460.0	320.0	53.2520325203252	51.21951219512195	0.0	100.0
213	460.0	320.0	53.2520325203252	51.21951219512195	0.0	100.0
214	504.0	328.0	48.78048780487805	50.0	100.0	0.0
215	312.0	308.0	68.29268292682927	53.04878048780488	12.987012987012985	87.01298701298701
216	236.0	228.0	76.01626016260163	65.2439024390244	64.91228070175438	35.08771929824561
217	444.0	304.0	54.87804878048781	53.65853658536586	97.36842105263158	2.631578947368421
218	480.0	324.0	51.21951219512195	50.609756097560975	98.76543209876543	1.2345679012345678
219	268.0	232.0	72.76422764227642	64.63414634146342	77.58620689655173	22.413793103448278
220	272.0	272.0	72.35772357723577	58.536585365853654	27.941176470588236	72.05882352941177
221	456.0	320.0	53.65853658536586	51.21951219512195	0.0	100.0
222	376.0	312.0	61.78861788617886	52.4390243902439	12.82051282051282	87.17948717948718
223	296.0	300.0	69.91869918699187	54.268292682926834	22.666666666666664	77.33333333333333
224	220.0	248.0	77.64227642276423	62.19512195121951	54.83870967741935	45.16129032258064
225	252.0	280.0	74.39024390243902	57.3170731707317	40.0	60.0
226	268.0	288.0	72.76422764227642	56.09756097560976	26.38888888888889	73.61111111111111
227	268.0	268.0	72.76422764227642	59.14634146341463	53.73134328358209	46.26865671641791
228	384.0	244.0	60.97560975609756	62.80487804878049	90.1639344262295	9.836065573770492
229	400.0	284.0	59.34959349593496	56.70731707317073	97.1830985915493	2.8169014084507045
230	260.0	288.0	73.57723577235772	56.09756097560976	44.44444444444444	55.55555555555556
231	460.0	320.0	53.2520325203252	51.21951219512195	0.0	100.0
232	348.0	324.0	64.63414634146342	50.609756097560975	9.876543209876543	90.12345679012346
233	260.0	248.0	73.57723577235772	62.19512195121951	64.51612903225806	35.483870967741936
234	268.0	260.0	72.76422764227642	60.36585365853659	56.92307692307692	43.07692307692308
235	472.0	316.0	52.03252032520326	51.829268292682926	97.46835443037975	2.5316455696202533
236	440.0	328.0	55.28455284552846	50.0	2.4390243902439024	97.5609756097561
237	512.0	328.0	47.96747967479675	50.0	100.0	0.0
238	256.0	256.0	73.98373983739837	60.97560975609756	68.75	31.25
239	272.0	232.0	72.35772357723577	64.63414634146342	72.41379310344827	27.586206896551722
240	424.0	340.0	56.91056910569105	48.170731707317074	8.235294117647058	91.76470588235294
241	248.0	272.0	74.79674796747967	58.536585365853654	35.294117647058826	64.70588235294117
242	376.0	276.0	61.78861788617886	57.92682926829268	97.10144927536231	2.898550724637681
243	484.0	320.0	50.81300813008131	51.21951219512195	100.0	0.0
244	336.0	232.0	65.85365853658537	64.63414634146342	89.65517241379311	10.344827586206897
245	376.0	328.0	61.78861788617886	50.0	8.536585365853659	91.46341463414635
246	276.0	224.0	71.95121951219512	65.85365853658537	80.35714285714286	19.642857142857142
247	456.0	308.0	53.65853658536586	53.04878048780488	97.40259740259741	2.5974025974025974
248	336.0	312.0	65.85365853658537	52.4390243902439	10.256410256410255	89.74358974358975
249	436.0	328.0	55.6910569105691	50.0	2.4390243902439024	97.5609756097561
250	228.0	260.0	76.82926829268293	60.36585365853659	49.23076923076923	50.76923076923077
251	280.0	244.0	71.54471544715447	62.80487804878049	83.60655737704919	16.39344262295082
252	340.0	240.0	65.4471544715447	63.41463414634146	75.0	25.0
253	448.0	324.0	54.47154471544715	50.609756097560975	97.53086419753086	2.4691358024691357
254	520.0	336.0	47.15447154471545	48.78048780487805	100.0	0.0
255	244.0	252.0	75.20325203252033	61.58536585365854	61.904761904761905	38.095238095238095
256	264.0	296.0	73.17073170731707	54.87804878048781	31.08108108108108	68.91891891891892
257	384.0	308.0	60.97560975609756	53.04878048780488	92.20779220779221	7.792207792207792
258	484.0	320.0	50.81300813008131	51.21951219512195	100.0	0.0
259	396.0	252.0	59.756097560975604	61.58536585365854	92.06349206349206	7.936507936507936
260	324.0	220.0	67.07317073170732	66.46341463414635	87.27272727272727	12.727272727272727
261	380.0	300.0	61.382113821138205	54.268292682926834	8.0	92.0
262	376.0	312.0	61.78861788617886	52.4390243902439	7.6923076923076925	92.3076923076923
263	244.0	268.0	75.20325203252033	59.14634146341463	43.28358208955223	56.71641791044776
264	296.0	296.0	69.91869918699187	54.87804878048781	21.62162162162162	78.37837837837837
265	256.0	256.0	73.98373983739837	60.97560975609756	46.875	53.125
266	484.0	324.0	50.81300813008131	50.609756097560975	98.76543209876543	1.2345679012345678
267	328.0	316.0	66.66666666666666	51.829268292682926	13.924050632911392	86.07594936708861
268	448.0	320.0	54.47154471544715	51.21951219512195	0.0	100.0
269	396.0	332.0	59.756097560975604	49.390243902439025	8.433734939759036	91.56626506024097
270	488.0	332.0	50.40650406504065	49.390243902439025	98.79518072289156	1.2048192771084338
271	268.0	244.0	72.76422764227642	62.80487804878049	65.57377049180327	34.42622950819672
272	260.0	280.0	73.57723577235772	57.3170731707317	30.0	70.0
273	384.0	268.0	60.97560975609756	59.14634146341463	95.52238805970148	4.477611940298507
274	268.0	224.0	72.76422764227642	65.85365853658537	78.57142857142857	21.428571428571427
275	264.0	280.0	73.17073170731707	57.3170731707317	21.428571428571427	78.57142857142857
276	256.0	276.0	73.98373983739837	57.92682926829268	33.33333333333333	66.66666666666666
277	308.0	292.0	68.69918699186992	55.487804878048784	17.80821917808219	82.1917808219178
278	244.0	228.0	75.20325203252033	65.2439024390244	59.64912280701754	40.35087719298245
279	240.0	228.0	75.60975609756098	65.2439024390244	59.64912280701754	40.35087719298245
280	440.0	324.0	55.28455284552846	50.609756097560975	1.2345679012345678	98.76543209876543
281	256.0	272.0	73.98373983739837	58.536585365853654	42.64705882352941	57.35294117647059
282	440.0	316.0	55.28455284552846	51.829268292682926	1.2658227848101267	98.73417721518987
283	232.0	272.0	76.42276422764228	58.536585365853654	44.11764705882353	55.88235294117647
284	244.0	260.0	75.20325203252033	60.36585365853659	41.53846153846154	58.46153846153847
285	236.0	228.0	76.01626016260163	65.2439024390244	75.43859649122807	24.561403508771928
286	272.0	292.0	72.35772357723577	55.487804878048784	32.87671232876712	67.12328767123287
287	436.0	292.0	55.6910569105691	55.487804878048784	97.26027397260275	2.73972602739726
288	224.0	232.0	77.23577235772358	64.63414634146342	58.620689655172406	41.37931034482759
289	244.0	264.0	75.20325203252033	59.756097560975604	36.36363636363637	63.63636363636363
290	312.0	296.0	68.29268292682927	54.87804878048781	16.216216216216218	83.78378378378379
291	300.0	296.0	69.51219512195121	54.87804878048781	18.91891891891892	81.08108108108108
292	408.0	284.0	58.536585365853654	56.70731707317073	97.1830985915493	2.8169014084507045
293	464.0	312.0	52.84552845528455	52.4390243902439	98.71794871794873	1.282051282051282
294	316.0	228.0	67.88617886178862	65.2439024390244	82.45614035087719	17.543859649122805
295	244.0	268.0	75.20325203252033	59.14634146341463	38.80597014925373	61.19402985074627
296	328.0	316.0	66.66666666666666	51.829268292682926	12.658227848101266	87.34177215189874
297	356.0	276.0	63.82113821138211	57.92682926829268	91.30434782608695	8.695652173913043
298	268.0	256.0	72.76422764227642	60.97560975609756	34.375	65.625
299	436.0	288.0	55.6910569105691	56.09756097560976	97.22222222222221	2.7777777777777777
300	252.0	232.0	74.39024390243902	64.63414634146342	81.03448275862068	18.96551724137931
301	440.0	324.0	55.28455284552846	50.609756097560975	1.2345679012345678	98.76543209876543
302	448.0	296.0	54.47154471544715	54.87804878048781	97.2972972972973	2.7027027027027026
303	236.0	240.0	76.01626016260163	63.41463414634146	53.333333333333336	46.666666666666664
304	372.0	256.0	62.19512195121951	60.97560975609756	95.3125	4.6875
305	400.0	268.0	59.34959349593496	59.14634146341463	95.52238805970148	4.477611940298507
306	304.0	292.0	69.10569105691057	55.487804878048784	17.80821917808219	82.1917808219178
307	232.0	220.0	76.42276422764228	66.46341463414635	63.63636363636363	36.36363636363637
308	408.0	328.0	58.536585365853654	50.0	6.097560975609756	93.90243902439023
309	440.0	308.0	55.28455284552846	53.04878048780488	97.40259740259741	2.5974025974025974
310	476.0	312.0	51.6260162601626	52.4390243902439	97.43589743589743	2.564102564102564
311	436.0	324.0	55.6910569105691	50.609756097560975	3.7037037037037033	96.29629629629629
312	312.0	280.0	68.29268292682927	57.3170731707317	75.71428571428571	24.285714285714285
313	236.0	248.0	76.01626016260163	62.19512195121951	46.774193548387096	53.2258064516129
314	216.0	244.0	78.04878048780488	62.80487804878049	57.377049180327866	42.62295081967213
315	340.0	304.0	65.4471544715447	53.65853658536586	11.842105263157894	88.1578947368421
316	280.0	296.0	71.54471544715447	54.87804878048781	25.675675675675674	74.32432432432432
317	244.0	276.0	75.20325203252033	57.92682926829268	34.78260869565217	65.21739130434783
318	216.0	252.0	78.04878048780488	61.58536585365854	47.61904761904761	52.38095238095239
319	228.0	248.0	76.82926829268293	62.19512195121951	41.935483870967744	58.06451612903226
320	344.0	240.0	65.04065040650406	63.41463414634146	93.33333333333333	6.666666666666667
321	372.0	320.0	62.19512195121951	51.21951219512195	6.25	93.75
322	248.0	240.0	74.79674796747967	63.41463414634146	71.66666666666667	28.333333333333332
323	312.0	288.0	68.29268292682927	56.09756097560976	93.05555555555556	6.944444444444445
324	248.0	272.0	74.79674796747967	58.536585365853654	38.23529411764706	61.76470588235294
325	224.0	244.0	77.23577235772358	62.80487804878049	49.18032786885246	50.81967213114754
326	408.0	292.0	58.536585365853654	55.487804878048784	95.8904109589041	4.10958904109589
327	224.0	220.0	77.23577235772358	66.46341463414635	67.27272727272727	32.72727272727273
328	316.0	308.0	67.88617886178862	53.04878048780488	12.987012987012985	87.01298701298701
329	364.0	316.0	63.00813008130082	51.829268292682926	8.860759493670885	91.13924050632912
330	432.0	328.0	56.09756097560976	50.0	2.4390243902439024	97.5609756097561
331	284.0	244.0	71.13821138211382	62.80487804878049	55.73770491803278	44.26229508196721
332	424.0	324.0	56.91056910569105	50.609756097560975	2.4691358024691357	97.53086419753086
333	420.0	324.0	57.3170731707317	50.609756097560975	2.4691358024691357	97.53086419753086
334	484.0	320.0	50.81300813008131	51.21951219512195	98.75	1.25
335	236.0	228.0	76.01626016260163	65.2439024390244	68.42105263157895	31.57894736842105
336	388.0	324.0	60.56910569105691	50.609756097560975	7.4074074074074066	92.5925925925926
337	240.0	252.0	75.60975609756098	61.58536585365854	42.857142857142854	57.14285714285714
338	456.0	316.0	53.65853658536586	51.829268292682926	97.46835443037975	2.5316455696202533
339	264.0	248.0	73.17073170731707	62.19512195121951	83.87096774193549	16.129032258064516
340	452.0	320.0	54.0650406504065	51.21951219512195	0.0	100.0
341	440.0	328.0	55.28455284552846	50.0	2.4390243902439024	97.5609756097561
342	224.0	256.0	77.23577235772358	60.97560975609756	50.0	50.0
343	500.0	328.0	49.1869918699187	50.0	98.78048780487805	1.2195121951219512
344	280.0	252.0	71.54471544715447	61.58536585365854	92.06349206349206	7.936507936507936
345	456.0	312.0	53.65853658536586	52.4390243902439	97.43589743589743	2.564102564102564
346	388.0	252.0	60.56910569105691	61.58536585365854	93.65079365079364	6.349206349206349
347	312.0	292.0	68.29268292682927	55.487804878048784	13.698630136986301	86.3013698630137
348	448.0	320.0	54.47154471544715	51.21951219512195	0.0	100.0
349	276.0	292.0	71.95121951219512	55.487804878048784	24.65753424657534	75.34246575342466
350	440.0	316.0	55.28455284552846	51.829268292682926	1.2658227848101267	98.73417721518987
351	272.0	276.0	72.35772357723577	57.92682926829268	24.637681159420293	75.36231884057972
352	284.0	296.0	71.13821138211382	54.87804878048781	24.324324324324326	75.67567567567568
353	288.0	288.0	70.73170731707317	56.09756097560976	23.61111111111111	76.38888888888889
354	268.0	224.0	72.76422764227642	65.85365853658537	76.78571428571429	23.214285714285715
355	232.0	240.0	76.42276422764228	63.41463414634146	50.0	50.0
356	404.0	324.0	58.94308943089431	50.609756097560975	6.172839506172839	93.82716049382715
357	288.0	292.0	70.73170731707317	55.487804878048784	17.80821917808219	82.1917808219178
358	460.0	320.0	53.2520325203252	51.21951219512195	0.0	100.0
359	300.0	224.0	69.51219512195121	65.85365853658537	78.57142857142857	21.428571428571427
360	244.0	220.0	75.20325203252033	66.46341463414635	63.63636363636363	36.36363636363637
361	252.0	256.0	74.39024390243902	60.97560975609756	31.25	68.75
362	340.0	320.0	65.4471544715447	51.21951219512195	10.0	90.0
363	508.0	332.0	48.3739837398374	49.390243902439025	98.79518072289156	1.2048192771084338
364	216.0	232.0	78.04878048780488	64.63414634146342	41.37931034482759	58.620689655172406
365	484.0	324.0	50.81300813008131	50.609756097560975	98.76543209876543	1.2345679012345678
366	292.0	280.0	70.32520325203252	57.3170731707317	20.0	80.0
367	440.0	324.0	55.28455284552846	50.609756097560975	3.7037037037037033	96.29629629629629
368	276.0	272.0	71.95121951219512	58.536585365853654	41.17647058823529	58.82352941176471
369	376.0	328.0	61.78861788617886	50.0	8.536585365853659	91.46341463414635
370	236.0	228.0	76.01626016260163	65.2439024390244	80.7017543859649	19.298245614035086
371	288.0	236.0	70.73170731707317	64.02439024390245	84.7457627118644	15.254237288135593
372	204.0	220.0	79.26829268292683	66.46341463414635	65.45454545454545	34.54545454545455
373	408.0	268.0	58.536585365853654	59.14634146341463	95.52238805970148	4.477611940298507
374	504.0	332.0	48.78048780487805	49.390243902439025	98.79518072289156	1.2048192771084338
375	428.0	292.0	56.50406504065041	55.487804878048784	95.8904109589041	4.10958904109589
376	376.0	308.0	61.78861788617886	53.04878048780488	7.792207792207792	92.20779220779221
377	260.0	272.0	73.57723577235772	58.536585365853654	26.47058823529412	73.52941176470588
378	292.0	296.0	70.32520325203252	54.87804878048781	17.56756756756757	82.43243243243244
379	280.0	292.0	71.54471544715447	55.487804878048784	24.65753424657534	75.34246575342466
380	216.0	220.0	78.04878048780488	66.46341463414635	67.27272727272727	32.72727272727273
381	280.0	244.0	71.54471544715447	62.80487804878049	86.88524590163934	13.114754098360656
382	268.0	224.0	72.76422764227642	65.85365853658537	85.71428571428571	14.285714285714285
383	264.0	252.0	73.17073170731707	61.58536585365854	85.71428571428571	14.285714285714285
384	464.0	316.0	52.84552845528455	51.829268292682926	97.46835443037975	2.5316455696202533
385	228.0	212.0	76.82926829268293	67.6829268292683	58.490566037735846	41.509433962264154
386	292.0	220.0	70.32520325203252	66.46341463414635	83.63636363636363	16.363636363636363
387	340.0	284.0	65.4471544715447	56.70731707317073	94.36619718309859	5.633802816901409
388	440.0	328.0	55.28455284552846	50.0	2.4390243902439024	97.5609756097561
389	312.0	220.0	68.29268292682927	66.46341463414635	85.45454545454545	14.545454545454545
390	344.0	280.0	65.04065040650406	57.3170731707317	94.28571428571428	5.714285714285714
391	224.0	220.0	77.23577235772358	66.46341463414635	63.63636363636363	36.36363636363637
392	276.0	240.0	71.95121951219512	63.41463414634146	58.333333333333336	41.66666666666667
393	428.0	288.0	56.50406504065041	56.09756097560976	95.83333333333334	4.166666666666666
394	224.0	220.0	77.23577235772358	66.46341463414635	50.90909090909091	49.09090909090909
395	280.0	300.0	71.54471544715447	54.268292682926834	25.333333333333336	74.66666666666667
396	268.0	240.0	72.76422764227642	63.41463414634146	88.33333333333333	11.666666666666666
397	232.0	272.0	76.42276422764228	58.536585365853654	35.294117647058826	64.70588235294117
398	456.0	300.0	53.65853658536586	54.268292682926834	97.33333333333334	2.666666666666667
399	292.0	288.0	70.32520325203252	56.09756097560976	18.055555555555554	81.94444444444444
400	404.0	272.0	58.94308943089431	58.536585365853654	95.58823529411765	4.411764705882353
401	420.0	320.0	57.3170731707317	51.21951219512195	2.5	97.5
402	360.0	320.0	63.41463414634146	51.21951219512195	7.5	92.5
403	352.0	272.0	64.22764227642277	58.536585365853654	95.58823529411765	4.411764705882353
404	240.0	220.0	75.60975609756098	66.46341463414635	60.0	40.0
405	280.0	288.0	71.54471544715447	56.09756097560976	25.0	75.0
406	452.0	320.0	54.0650406504065	51.21951219512195	0.0	100.0
407	220.0	228.0	77.64227642276423	65.2439024390244	52.63157894736842	47.368421052631575
408	364.0	244.0	63.00813008130082	62.80487804878049	93.44262295081968	6.557377049180328
409	292.0	268.0	70.32520325203252	59.14634146341463	89.55223880597015	10.44776119402985
410	244.0	260.0	75.20325203252033	60.36585365853659	30.76923076923077	69.23076923076923
411	308.0	284.0	68.69918699186992	56.70731707317073	12.676056338028168	87.32394366197182
412	260.0	276.0	73.57723577235772	57.92682926829268	26.08695652173913	73.91304347826086
413	280.0	296.0	71.54471544715447	54.87804878048781	22.972972972972975	77.02702702702703
414	456.0	288.0	53.65853658536586	56.09756097560976	97.22222222222221	2.7777777777777777
415	288.0	284.0	70.73170731707317	56.70731707317073	19.718309859154928	80.28169014084507
416	400.0	284.0	59.34959349593496	56.70731707317073	95.77464788732394	4.225352112676056
417	436.0	296.0	55.6910569105691	54.87804878048781	95.94594594594594	4.054054054054054
418	272.0	208.0	72.35772357723577	68.29268292682927	84.61538461538461	15.384615384615385
419	484.0	320.0	50.81300813008131	51.21951219512195	98.75	1.25
420	232.0	244.0	76.42276422764228	62.80487804878049	42.62295081967213	57.377049180327866
421	428.0	328.0	56.50406504065041	50.0	2.4390243902439024	97.5609756097561
422	448.0	304.0	54.47154471544715	53.65853658536586	97.36842105263158	2.631578947368421
423	312.0	208.0	68.29268292682927	68.29268292682927	80.76923076923077	19.230769230769234
424	216.0	212.0	78.04878048780488	67.6829268292683	66.0377358490566	33.9622641509434
425	228.0	220.0	76.82926829268293	66.46341463414635	72.72727272727273	27.27272727272727
426	288.0	288.0	70.73170731707317	56.09756097560976	19.444444444444446	80.55555555555556
427	268.0	284.0	72.76422764227642	56.70731707317073	22.535211267605636	77.46478873239437
428	212.0	228.0	78.45528455284553	65.2439024390244	52.63157894736842	47.368421052631575
429	464.0	316.0	52.84552845528455	51.829268292682926	97.46835443037975	2.5316455696202533
430	452.0	320.0	54.0650406504065	51.21951219512195	0.0	100.0
431	232.0	212.0	76.42276422764228	67.6829268292683	69.81132075471697	30.18867924528302
432	488.0	324.0	50.40650406504065	50.609756097560975	98.76543209876543	1.2345679012345678
433	460.0	320.0	53.2520325203252	51.21951219512195	0.0	100.0
434	420.0	320.0	57.3170731707317	51.21951219512195	3.75	96.25
435	452.0	296.0	54.0650406504065	54.87804878048781	97.2972972972973	2.7027027027027026
436	284.0	228.0	71.13821138211382	65.2439024390244	84.21052631578947	15.789473684210526
437	240.0	252.0	75.60975609756098	61.58536585365854	42.857142857142854	57.14285714285714
438	324.0	316.0	67.07317073170732	51.829268292682926	10.126582278481013	89.87341772151899
439	372.0	328.0	62.19512195121951	50.0	8.536585365853659	91.46341463414635
440	308.0	252.0	68.69918699186992	61.58536585365854	90.47619047619048	9.523809523809524
441	292.0	284.0	70.32520325203252	56.70731707317073	19.718309859154928	80.28169014084507
442	432.0	324.0	56.09756097560976	50.609756097560975	2.4691358024691357	97.53086419753086
443	296.0	280.0	69.91869918699187	57.3170731707317	17.142857142857142	82.85714285714286
444	408.0	320.0	58.536585365853654	51.21951219512195	5.0	95.0
445	276.0	216.0	71.95121951219512	67.07317073170732	83.33333333333334	16.666666666666664
446	316.0	300.0	67.88617886178862	54.268292682926834	10.666666666666668	89.33333333333333
447	440.0	320.0	55.28455284552846	51.21951219512195	2.5	97.5
448	272.0	284.0	72.35772357723577	56.70731707317073	25.352112676056336	74.64788732394366
449	224.0	204.0	77.23577235772358	68.90243902439023	68.62745098039215	31.372549019607842
450	244.0	268.0	75.20325203252033	59.14634146341463	40.298507462686565	59.70149253731343
451	224.0	208.0	77.23577235772358	68.29268292682927	76.92307692307693	23.076923076923077
452	212.0	212.0	78.45528455284553	67.6829268292683	71.69811320754717	28.30188679245283
453	224.0	240.0	77.23577235772358	63.41463414634146	41.66666666666667	58.333333333333336
454	444.0	324.0	54.87804878048781	50.609756097560975	1.2345679012345678	98.76543209876543
455	360.0	324.0	63.41463414634146	50.609756097560975	8.641975308641975	91.35802469135803
456	220.0	224.0	77.64227642276423	65.85365853658537	53.57142857142857	46.42857142857143
457	344.0	320.0	65.04065040650406	51.21951219512195	8.75	91.25
458	460.0	316.0	53.2520325203252	51.829268292682926	97.46835443037975	2.5316455696202533
459	452.0	296.0	54.0650406504065	54.87804878048781	97.2972972972973	2.7027027027027026
460	340.0	296.0	65.4471544715447	54.87804878048781	10.81081081081081	89.1891891891892
461	256.0	236.0	73.98373983739837	64.02439024390245	86.4406779661017	13.559322033898304
462	288.0	280.0	70.73170731707317	57.3170731707317	80.0	20.0
463	264.0	276.0	73.17073170731707	57.92682926829268	20.28985507246377	79.71014492753623
464	216.0	248.0	78.04878048780488	62.19512195121951	40.32258064516129	59.67741935483871
465	380.0	320.0	61.382113821138205	51.21951219512195	5.0	95.0
466	220.0	224.0	77.64227642276423	65.85365853658537	53.57142857142857	46.42857142857143
467	360.0	316.0	63.41463414634146	51.829268292682926	6.329113924050633	93.67088607594937
468	412.0	288.0	58.13008130081301	56.09756097560976	95.83333333333334	4.166666666666666
469	216.0	220.0	78.04878048780488	66.46341463414635	56.36363636363636	43.63636363636363
470	320.0	228.0	67.47967479674797	65.2439024390244	92.98245614035088	7.017543859649122
471	464.0	316.0	52.84552845528455	51.829268292682926	97.46835443037975	2.5316455696202533
472	228.0	228.0	76.82926829268293	65.2439024390244	52.63157894736842	47.368421052631575
473	280.0	272.0	71.54471544715447	58.536585365853654	20.588235294117645	79.41176470588235
474	292.0	272.0	70.32520325203252	58.536585365853654	16.176470588235293	83.82352941176471
475	300.0	296.0	69.51219512195121	54.87804878048781	17.56756756756757	82.43243243243244
476	320.0	228.0	67.47967479674797	65.2439024390244	91.22807017543859	8.771929824561402
477	280.0	292.0	71.54471544715447	55.487804878048784	24.65753424657534	75.34246575342466
478	428.0	324.0	56.50406504065041	50.609756097560975	3.7037037037037033	96.29629629629629
479	288.0	288.0	70.73170731707317	56.09756097560976	19.444444444444446	80.55555555555556
480	232.0	224.0	76.42276422764228	65.85365853658537	58.92857142857143	41.07142857142857
481	268.0	284.0	72.76422764227642	56.70731707317073	25.352112676056336	74.64788732394366
482	304.0	216.0	69.10569105691057	67.07317073170732	88.88888888888889	11.11111111111111
483	244.0	268.0	75.20325203252033	59.14634146341463	25.37313432835821	74.6268656716418
484	204.0	208.0	79.26829268292683	68.29268292682927	65.38461538461539	34.61538461538461
485	224.0	236.0	77.23577235772358	64.02439024390245	42.3728813559322	57.6271186440678
486	444.0	320.0	54.87804878048781	51.21951219512195	0.0	100.0
487	312.0	296.0	68.29268292682927	54.87804878048781	12.162162162162163	87.83783783783784
488	212.0	228.0	78.45528455284553	65.2439024390244	45.614035087719294	54.385964912280706
489	224.0	252.0	77.23577235772358	61.58536585365854	44.44444444444444	55.55555555555556
490	344.0	288.0	65.04065040650406	56.09756097560976	93.05555555555556	6.944444444444445
491	448.0	292.0	54.47154471544715	55.487804878048784	97.26027397260275	2.73972602739726
492	228.0	252.0	76.82926829268293	61.58536585365854	42.857142857142854	57.14285714285714
493	228.0	244.0	76.82926829268293	62.80487804878049	45.90163934426229	54.09836065573771
494	348.0	260.0	64.63414634146342	60.36585365853659	95.38461538461539	4.615384615384616
495	232.0	260.0	76.42276422764228	60.36585365853659	38.46153846153847	61.53846153846154
496	232.0	212.0	76.42276422764228	67.6829268292683	60.37735849056604	39.62264150943396
497	224.0	208.0	77.23577235772358	68.29268292682927	75.0	25.0
498	448.0	296.0	54.47154471544715	54.87804878048781	95.94594594594594	4.054054054054054
499	324.0	288.0	67.07317073170732	56.09756097560976	11.11111111111111	88.88888888888889
500	216.0	268.0	78.04878048780488	59.14634146341463	32.83582089552239	67.16417910447761
501	228.0	200.0	76.82926829268293	69.51219512195121	68.0	32.0
502	476.0	316.0	51.6260162601626	51.829268292682926	98.73417721518987	1.2658227848101267
503	220.0	212.0	77.64227642276423	67.6829268292683	49.056603773584904	50.943396226415096
504	216.0	232.0	78.04878048780488	64.63414634146342	46.55172413793103	53.44827586206896
505	264.0	280.0	73.17073170731707	57.3170731707317	25.71428571428571	74.28571428571429
506	328.0	312.0	66.66666666666666	52.4390243902439	8.974358974358974	91.02564102564102
507	392.0	320.0	60.16260162601627	51.21951219512195	6.25	93.75
508	224.0	232.0	77.23577235772358	64.63414634146342	62.06896551724138	37.93103448275862
509	448.0	320.0	54.47154471544715	51.21951219512195	0.0	100.0
510	224.0	268.0	77.23577235772358	59.14634146341463	34.32835820895522	65.67164179104478
511	452.0	304.0	54.0650406504065	53.65853658536586	96.05263157894737	3.9473684210526314
512	284.0	284.0	71.13821138211382	56.70731707317073	19.718309859154928	80.28169014084507
513	244.0	256.0	75.20325203252033	60.97560975609756	71.875	28.125
514	244.0	276.0	75.20325203252033	57.92682926829268	30.434782608695656	69.56521739130434
515	220.0	228.0	77.64227642276423	65.2439024390244	47.368421052631575	52.63157894736842
516	372.0	312.0	62.19512195121951	52.4390243902439	6.41025641025641	93.58974358974359
517	244.0	260.0	75.20325203252033	60.36585365853659	23.076923076923077	76.92307692307693
518	448.0	320.0	54.47154471544715	51.21951219512195	0.0	100.0
519	280.0	284.0	71.54471544715447	56.70731707317073	18.30985915492958	81.69014084507043
520	376.0	320.0	61.78861788617886	51.21951219512195	6.25	93.75
521	216.0	236.0	78.04878048780488	64.02439024390245	49.152542372881356	50.847457627118644
522	324.0	236.0	67.07317073170732	64.02439024390245	91.52542372881356	8.47457627118644
523	444.0	296.0	54.87804878048781	54.87804878048781	97.2972972972973	2.7027027027027026
524	228.0	232.0	76.82926829268293	64.63414634146342	63.793103448275865	36.206896551724135
525	296.0	204.0	69.91869918699187	68.90243902439023	80.3921568627451	19.607843137254903
526	212.0	232.0	78.45528455284553	64.63414634146342	44.827586206896555	55.172413793103445
527	328.0	312.0	66.66666666666666	52.4390243902439	8.974358974358974	91.02564102564102
528	444.0	320.0	54.87804878048781	51.21951219512195	0.0	100.0
529	224.0	220.0	77.23577235772358	66.46341463414635	52.72727272727272	47.27272727272727
530	444.0	292.0	54.87804878048781	55.487804878048784	97.26027397260275	2.73972602739726
531	248.0	272.0	74.79674796747967	58.536585365853654	25.0	75.0
532	308.0	288.0	68.69918699186992	56.09756097560976	11.11111111111111	88.88888888888889
533	408.0	288.0	58.536585365853654	56.09756097560976	95.83333333333334	4.166666666666666
534	228.0	272.0	76.82926829268293	58.536585365853654	30.88235294117647	69.11764705882352
535	472.0	316.0	52.03252032520326	51.829268292682926	98.73417721518987	1.2658227848101267
536	216.0	240.0	78.04878048780488	63.41463414634146	41.66666666666667	58.333333333333336
537	224.0	200.0	77.23577235772358	69.51219512195121	66.0	34.0
538	288.0	208.0	70.73170731707317	68.29268292682927	84.61538461538461	15.384615384615385
539	236.0	260.0	76.01626016260163	60.36585365853659	30.76923076923077	69.23076923076923
540	408.0	320.0	58.536585365853654	51.21951219512195	2.5	97.5
541	324.0	316.0	67.07317073170732	51.829268292682926	8.860759493670885	91.13924050632912
542	364.0	288.0	63.00813008130082	56.09756097560976	93.05555555555556	6.944444444444445
543	328.0	256.0	66.66666666666666	60.97560975609756	90.625	9.375
544	232.0	264.0	76.42276422764228	59.756097560975604	30.303030303030305	69.6969696969697
545	364.0	304.0	63.00813008130082	53.65853658536586	6.578947368421052	93.42105263157895
546	392.0	284.0	60.16260162601627	56.70731707317073	95.77464788732394	4.225352112676056
547	328.0	280.0	66.66666666666666	57.3170731707317	88.57142857142857	11.428571428571429
548	452.0	300.0	54.0650406504065	54.268292682926834	97.33333333333334	2.666666666666667
549	296.0	276.0	69.91869918699187	57.92682926829268	89.85507246376811	10.144927536231885
550	248.0	276.0	74.79674796747967	57.92682926829268	69.56521739130434	30.434782608695656
551	272.0	252.0	72.35772357723577	61.58536585365854	90.47619047619048	9.523809523809524
552	264.0	244.0	73.17073170731707	62.80487804878049	86.88524590163934	13.114754098360656
553	212.0	228.0	78.45528455284553	65.2439024390244	73.68421052631578	26.31578947368421
554	280.0	272.0	71.54471544715447	58.536585365853654	20.588235294117645	79.41176470588235
555	464.0	316.0	52.84552845528455	51.829268292682926	97.46835443037975	2.5316455696202533
556	248.0	220.0	74.79674796747967	66.46341463414635	78.18181818181819	21.818181818181817
557	404.0	320.0	58.94308943089431	51.21951219512195	5.0	95.0
558	396.0	276.0	59.756097560975604	57.92682926829268	95.65217391304348	4.3478260869565215
559	232.0	244.0	76.42276422764228	62.80487804878049	60.65573770491803	39.34426229508197
560	212.0	220.0	78.45528455284553	66.46341463414635	52.72727272727272	47.27272727272727
561	456.0	300.0	53.65853658536586	54.268292682926834	97.33333333333334	2.666666666666667
562	236.0	232.0	76.01626016260163	64.63414634146342	62.06896551724138	37.93103448275862
563	456.0	296.0	53.65853658536586	54.87804878048781	97.2972972972973	2.7027027027027026
564	464.0	312.0	52.84552845528455	52.4390243902439	98.71794871794873	1.282051282051282
565	396.0	324.0	59.756097560975604	50.609756097560975	2.4691358024691357	97.53086419753086
566	288.0	280.0	70.73170731707317	57.3170731707317	17.142857142857142	82.85714285714286
567	436.0	320.0	55.6910569105691	51.21951219512195	2.5	97.5
568	244.0	256.0	75.20325203252033	60.97560975609756	28.125	71.875
569	244.0	276.0	75.20325203252033	57.92682926829268	23.18840579710145	76.81159420289855
570	204.0	232.0	79.26829268292683	64.63414634146342	46.55172413793103	53.44827586206896
571	236.0	272.0	76.01626016260163	58.536585365853654	27.941176470588236	72.05882352941177
572	252.0	280.0	74.39024390243902	57.3170731707317	21.428571428571427	78.57142857142857
573	444.0	296.0	54.87804878048781	54.87804878048781	95.94594594594594	4.054054054054054
574	456.0	304.0	53.65853658536586	53.65853658536586	97.36842105263158	2.631578947368421
575	292.0	280.0	70.32520325203252	57.3170731707317	15.714285714285714	84.28571428571429
576	228.0	216.0	76.82926829268293	67.07317073170732	55.55555555555556	44.44444444444444
577	364.0	296.0	63.00813008130082	54.87804878048781	4.054054054054054	95.94594594594594
578	200.0	232.0	79.67479674796748	64.63414634146342	41.37931034482759	58.620689655172406
579	312.0	288.0	68.29268292682927	56.09756097560976	12.5	87.5
580	252.0	288.0	74.39024390243902	56.09756097560976	23.61111111111111	76.38888888888889
581	232.0	264.0	76.42276422764228	59.756097560975604	28.78787878787879	71.21212121212122
582	240.0	224.0	75.60975609756098	65.85365853658537	73.21428571428571	26.785714285714285
583	232.0	256.0	76.42276422764228	60.97560975609756	29.6875	70.3125
584	508.0	328.0	48.3739837398374	50.0	98.78048780487805	1.2195121951219512
585	372.0	316.0	62.19512195121951	51.829268292682926	5.063291139240507	94.9367088607595
586	268.0	200.0	72.76422764227642	69.51219512195121	82.0	18.0
587	212.0	240.0	78.45528455284553	63.41463414634146	40.0	60.0
588	504.0	328.0	48.78048780487805	50.0	98.78048780487805	1.2195121951219512
589	332.0	312.0	66.26016260162602	52.4390243902439	7.6923076923076925	92.3076923076923
590	216.0	220.0	78.04878048780488	66.46341463414635	54.54545454545454	45.45454545454545
591	268.0	252.0	72.76422764227642	61.58536585365854	88.88888888888889	11.11111111111111
592	252.0	260.0	74.39024390243902	60.36585365853659	30.76923076923077	69.23076923076923
593	364.0	320.0	63.00813008130082	51.21951219512195	6.25	93.75
594	444.0	320.0	54.87804878048781	51.21951219512195	0.0	100.0
595	284.0	208.0	71.13821138211382	68.29268292682927	82.6923076923077	17.307692307692307
596	240.0	264.0	75.60975609756098	59.756097560975604	28.78787878787879	71.21212121212122
597	508.0	328.0	48.3739837398374	50.0	98.78048780487805	1.2195121951219512
598	216.0	256.0	78.04878048780488	60.97560975609756	35.9375	64.0625
599	452.0	304.0	54.0650406504065	53.65853658536586	96.05263157894737	3.9473684210526314
600	392.0	320.0	60.16260162601627	51.21951219512195	3.75	96.25
601	428.0	292.0	56.50406504065041	55.487804878048784	97.26027397260275	2.73972602739726
602	224.0	216.0	77.23577235772358	67.07317073170732	59.25925925925925	40.74074074074074
603	224.0	260.0	77.23577235772358	60.36585365853659	33.84615384615385	66.15384615384615
604	224.0	220.0	77.23577235772358	66.46341463414635	69.0909090909091	30.909090909090907
605	448.0	304.0	54.47154471544715	53.65853658536586	96.05263157894737	3.9473684210526314
606	232.0	256.0	76.42276422764228	60.97560975609756	26.5625	73.4375
607	256.0	204.0	73.98373983739837	68.90243902439023	80.3921568627451	19.607843137254903
608	408.0	292.0	58.536585365853654	55.487804878048784	94.52054794520548	5.47945205479452
609	240.0	256.0	75.60975609756098	60.97560975609756	32.8125	67.1875
610	224.0	200.0	77.23577235772358	69.51219512195121	60.0	40.0
611	240.0	272.0	75.60975609756098	58.536585365853654	25.0	75.0
612	412.0	320.0	58.13008130081301	51.21951219512195	2.5	97.5
613	424.0	320.0	56.91056910569105	51.21951219512195	3.75	96.25
614	244.0	272.0	75.20325203252033	58.536585365853654	25.0	75.0
615	208.0	232.0	78.86178861788618	64.63414634146342	41.37931034482759	58.620689655172406
616	464.0	304.0	52.84552845528455	53.65853658536586	97.36842105263158	2.631578947368421
617	216.0	228.0	78.04878048780488	65.2439024390244	47.368421052631575	52.63157894736842
618	316.0	280.0	67.88617886178862	57.3170731707317	10.0	90.0
619	380.0	252.0	61.382113821138205	61.58536585365854	93.65079365079364	6.349206349206349
620	212.0	208.0	78.45528455284553	68.29268292682927	57.692307692307686	42.30769230769231
621	376.0	248.0	61.78861788617886	62.19512195121951	93.54838709677419	6.451612903225806
622	300.0	280.0	69.51219512195121	57.3170731707317	12.857142857142856	87.14285714285714
623	276.0	220.0	71.95121951219512	66.46341463414635	85.45454545454545	14.545454545454545
624	324.0	244.0	67.07317073170732	62.80487804878049	91.80327868852459	8.19672131147541
625	396.0	316.0	59.756097560975604	51.829268292682926	3.79746835443038	96.20253164556962
626	396.0	276.0	59.756097560975604	57.92682926829268	95.65217391304348	4.3478260869565215
627	236.0	264.0	76.01626016260163	59.756097560975604	31.818181818181817	68.18181818181817
628	240.0	272.0	75.60975609756098	58.536585365853654	25.0	75.0
629	288.0	280.0	70.73170731707317	57.3170731707317	17.142857142857142	82.85714285714286
630	244.0	224.0	75.20325203252033	65.85365853658537	73.21428571428571	26.785714285714285
631	440.0	296.0	55.28455284552846	54.87804878048781	97.2972972972973	2.7027027027027026
632	216.0	244.0	78.04878048780488	62.80487804878049	40.98360655737705	59.01639344262295
633	212.0	244.0	78.45528455284553	62.80487804878049	40.98360655737705	59.01639344262295
634	368.0	280.0	62.601626016260155	57.3170731707317	94.28571428571428	5.714285714285714
635	296.0	268.0	69.91869918699187	59.14634146341463	14.925373134328357	85.07462686567165
636	256.0	220.0	73.98373983739837	66.46341463414635	80.0	20.0
637	224.0	212.0	77.23577235772358	67.6829268292683	56.60377358490566	43.39622641509434
638	232.0	240.0	76.42276422764228	63.41463414634146	75.0	25.0
639	216.0	240.0	78.04878048780488	63.41463414634146	38.333333333333336	61.66666666666667
640	232.0	260.0	76.42276422764228	60.36585365853659	30.76923076923077	69.23076923076923
641	208.0	216.0	78.86178861788618	67.07317073170732	66.66666666666666	33.33333333333333
642	248.0	232.0	74.79674796747967	64.63414634146342	86.20689655172413	13.793103448275861
643	388.0	316.0	60.56910569105691	51.829268292682926	3.79746835443038	96.20253164556962
644	220.0	236.0	77.64227642276423	64.02439024390245	44.06779661016949	55.932203389830505
645	244.0	272.0	75.20325203252033	58.536585365853654	29.411764705882355	70.58823529411765
646	440.0	320.0	55.28455284552846	51.21951219512195	1.25	98.75
647	508.0	328.0	48.3739837398374	50.0	98.78048780487805	1.2195121951219512
648	252.0	272.0	74.39024390243902	58.536585365853654	22.058823529411764	77.94117647058823
649	264.0	272.0	73.17073170731707	58.536585365853654	19.11764705882353	80.88235294117648
650	208.0	236.0	78.86178861788618	64.02439024390245	45.76271186440678	54.23728813559322
651	244.0	268.0	75.20325203252033	59.14634146341463	25.37313432835821	74.6268656716418
652	288.0	264.0	70.73170731707317	59.756097560975604	92.42424242424242	7.575757575757576
653	288.0	272.0	70.73170731707317	58.536585365853654	13.23529411764706	86.76470588235294
654	220.0	260.0	77.64227642276423	60.36585365853659	32.30769230769231	67.6923076923077
655	216.0	220.0	78.04878048780488	66.46341463414635	47.27272727272727	52.72727272727272
656	320.0	308.0	67.47967479674797	53.04878048780488	10.38961038961039	89.6103896103896
657	316.0	240.0	67.88617886178862	63.41463414634146	90.0	10.0
658	220.0	212.0	77.64227642276423	67.6829268292683	69.81132075471697	30.18867924528302
659	284.0	284.0	71.13821138211382	56.70731707317073	18.30985915492958	81.69014084507043
660	232.0	272.0	76.42276422764228	58.536585365853654	25.0	75.0
661	432.0	324.0	56.09756097560976	50.609756097560975	2.4691358024691357	97.53086419753086
662	228.0	256.0	76.82926829268293	60.97560975609756	37.5	62.5
663	292.0	276.0	70.32520325203252	57.92682926829268	17.391304347826086	82.6086956521739
664	224.0	208.0	77.23577235772358	68.29268292682927	73.07692307692307	26.923076923076923
665	376.0	272.0	61.78861788617886	58.536585365853654	95.58823529411765	4.411764705882353
666	504.0	328.0	48.78048780487805	50.0	98.78048780487805	1.2195121951219512
667	356.0	320.0	63.82113821138211	51.21951219512195	6.25	93.75
668	240.0	268.0	75.60975609756098	59.14634146341463	25.37313432835821	74.6268656716418
669	432.0	320.0	56.09756097560976	51.21951219512195	2.5	97.5
670	264.0	212.0	73.17073170731707	67.6829268292683	83.01886792452831	16.9811320754717
671	244.0	260.0	75.20325203252033	60.36585365853659	32.30769230769231	67.6923076923077
672	360.0	264.0	63.41463414634146	59.756097560975604	93.93939393939394	6.0606060606060606
673	232.0	268.0	76.42276422764228	59.14634146341463	25.37313432835821	74.6268656716418
674	224.0	216.0	77.23577235772358	67.07317073170732	77.77777777777779	22.22222222222222
675	212.0	236.0	78.45528455284553	64.02439024390245	42.3728813559322	57.6271186440678
676	356.0	300.0	63.82113821138211	54.268292682926834	5.333333333333334	94.66666666666667
677	208.0	240.0	78.86178861788618	63.41463414634146	38.333333333333336	61.66666666666667
678	200.0	208.0	79.67479674796748	68.29268292682927	59.61538461538461	40.38461538461539
679	240.0	264.0	75.60975609756098	59.756097560975604	22.727272727272727	77.27272727272727
680	424.0	320.0	56.91056910569105	51.21951219512195	2.5	97.5
681	308.0	300.0	68.69918699186992	54.268292682926834	12.0	88.0
682	212.0	228.0	78.45528455284553	65.2439024390244	50.877192982456144	49.122807017543856
683	220.0	228.0	77.64227642276423	65.2439024390244	56.14035087719298	43.859649122807014
684	212.0	240.0	78.45528455284553	63.41463414634146	41.66666666666667	58.333333333333336
685	240.0	252.0	75.60975609756098	61.58536585365854	19.047619047619047	80.95238095238095
686	468.0	312.0	52.4390243902439	52.4390243902439	98.71794871794873	1.282051282051282
687	232.0	204.0	76.42276422764228	68.90243902439023	64.70588235294117	35.294117647058826
688	216.0	240.0	78.04878048780488	63.41463414634146	41.66666666666667	58.333333333333336
689	428.0	320.0	56.50406504065041	51.21951219512195	1.25	98.75
690	336.0	264.0	65.85365853658537	59.756097560975604	90.9090909090909	9.090909090909092
691	236.0	264.0	76.01626016260163	59.756097560975604	25.757575757575758	74.24242424242425
692	244.0	204.0	75.20325203252033	68.90243902439023	80.3921568627451	19.607843137254903
693	260.0	272.0	73.57723577235772	58.536585365853654	19.11764705882353	80.88235294117648
694	236.0	244.0	76.01626016260163	62.80487804878049	29.508196721311474	70.49180327868852
695	392.0	276.0	60.16260162601627	57.92682926829268	95.65217391304348	4.3478260869565215
696	196.0	244.0	80.08130081300813	62.80487804878049	50.81967213114754	49.18032786885246
697	216.0	200.0	78.04878048780488	69.51219512195121	62.0	38.0
698	472.0	316.0	52.03252032520326	51.829268292682926	98.73417721518987	1.2658227848101267
699	332.0	280.0	66.26016260162602	57.3170731707317	10.0	90.0
700	240.0	256.0	75.60975609756098	60.97560975609756	31.25	68.75
701	244.0	264.0	75.20325203252033	59.756097560975604	22.727272727272727	77.27272727272727
702	248.0	220.0	74.79674796747967	66.46341463414635	85.45454545454545	14.545454545454545
703	448.0	296.0	54.47154471544715	54.87804878048781	97.2972972972973	2.7027027027027026
704	316.0	220.0	67.88617886178862	66.46341463414635	90.9090909090909	9.090909090909092
705	280.0	268.0	71.54471544715447	59.14634146341463	14.925373134328357	85.07462686567165
706	200.0	216.0	79.67479674796748	67.07317073170732	55.55555555555556	44.44444444444444
707	240.0	260.0	75.60975609756098	60.36585365853659	26.153846153846157	73.84615384615385
708	404.0	320.0	58.94308943089431	51.21951219512195	2.5	97.5
709	400.0	288.0	59.34959349593496	56.09756097560976	94.44444444444444	5.555555555555555
710	208.0	240.0	78.86178861788618	63.41463414634146	36.666666666666664	63.33333333333333
711	240.0	280.0	75.60975609756098	57.3170731707317	21.428571428571427	78.57142857142857
712	228.0	260.0	76.82926829268293	60.36585365853659	26.153846153846157	73.84615384615385
713	224.0	252.0	77.23577235772358	61.58536585365854	30.158730158730158	69.84126984126983
714	276.0	252.0	71.95121951219512	61.58536585365854	87.3015873015873	12.698412698412698
715	496.0	328.0	49.59349593495935	50.0	98.78048780487805	1.2195121951219512
716	456.0	320.0	53.65853658536586	51.21951219512195	0.0	100.0
717	212.0	244.0	78.45528455284553	62.80487804878049	36.0655737704918	63.934426229508205
718	336.0	276.0	65.85365853658537	57.92682926829268	91.30434782608695	8.695652173913043
719	400.0	272.0	59.34959349593496	58.536585365853654	95.58823529411765	4.411764705882353
720	224.0	256.0	77.23577235772358	60.97560975609756	39.0625	60.9375
721	240.0	256.0	75.60975609756098	60.97560975609756	29.6875	70.3125
722	436.0	296.0	55.6910569105691	54.87804878048781	95.94594594594594	4.054054054054054
723	300.0	276.0	69.51219512195121	57.92682926829268	14.492753623188406	85.5072463768116
724	432.0	296.0	56.09756097560976	54.87804878048781	95.94594594594594	4.054054054054054
725	440.0	296.0	55.28455284552846	54.87804878048781	95.94594594594594	4.054054054054054
726	244.0	272.0	75.20325203252033	58.536585365853654	20.588235294117645	79.41176470588235
727	204.0	196.0	79.26829268292683	70.1219512195122	67.3469387755102	32.6530612244898
728	392.0	308.0	60.16260162601627	53.04878048780488	3.896103896103896	96.1038961038961
729	240.0	264.0	75.60975609756098	59.756097560975604	22.727272727272727	77.27272727272727
730	452.0	292.0	54.0650406504065	55.487804878048784	98.63013698630137	1.36986301369863
731	304.0	284.0	69.10569105691057	56.70731707317073	11.267605633802818	88.73239436619718
732	240.0	212.0	75.60975609756098	67.6829268292683	77.35849056603774	22.641509433962266
733	244.0	216.0	75.20325203252033	67.07317073170732	74.07407407407408	25.925925925925924
734	228.0	216.0	76.82926829268293	67.07317073170732	75.92592592592592	24.074074074074073
735	204.0	236.0	79.26829268292683	64.02439024390245	38.983050847457626	61.016949152542374
736	396.0	316.0	59.756097560975604	51.829268292682926	5.063291139240507	94.9367088607595
737	316.0	212.0	67.88617886178862	67.6829268292683	90.56603773584906	9.433962264150944
738	368.0	236.0	62.601626016260155	64.02439024390245	91.52542372881356	8.47457627118644
739	380.0	316.0	61.382113821138205	51.829268292682926	3.79746835443038	96.20253164556962
740	228.0	200.0	76.82926829268293	69.51219512195121	80.0	20.0
741	444.0	320.0	54.87804878048781	51.21951219512195	0.0	100.0
742	296.0	288.0	69.91869918699187	56.09756097560976	15.277777777777779	84.72222222222221
743	252.0	212.0	74.39024390243902	67.6829268292683	77.35849056603774	22.641509433962266
744	260.0	276.0	73.57723577235772	57.92682926829268	73.91304347826086	26.08695652173913
745	216.0	224.0	78.04878048780488	65.85365853658537	46.42857142857143	53.57142857142857
746	216.0	232.0	78.04878048780488	64.63414634146342	46.55172413793103	53.44827586206896
747	212.0	228.0	78.45528455284553	65.2439024390244	54.385964912280706	45.614035087719294
748	300.0	300.0	69.51219512195121	54.268292682926834	12.0	88.0
749	256.0	276.0	73.98373983739837	57.92682926829268	20.28985507246377	79.71014492753623
750	192.0	200.0	80.48780487804879	69.51219512195121	70.0	30.0
751	220.0	224.0	77.64227642276423	65.85365853658537	69.64285714285714	30.357142857142854
752	376.0	312.0	61.78861788617886	52.4390243902439	3.8461538461538463	96.15384615384616
753	288.0	272.0	70.73170731707317	58.536585365853654	17.647058823529413	82.35294117647058
754	212.0	232.0	78.45528455284553	64.63414634146342	39.6551724137931	60.3448275862069
755	224.0	236.0	77.23577235772358	64.02439024390245	71.1864406779661	28.8135593220339
756	416.0	292.0	57.72357723577236	55.487804878048784	97.26027397260275	2.73972602739726
757	216.0	208.0	78.04878048780488	68.29268292682927	67.3076923076923	32.69230769230769
758	400.0	312.0	59.34959349593496	52.4390243902439	2.564102564102564	97.43589743589743
759	284.0	276.0	71.13821138211382	57.92682926829268	14.492753623188406	85.5072463768116
760	492.0	328.0	50.0	50.0	98.78048780487805	1.2195121951219512
761	224.0	244.0	77.23577235772358	62.80487804878049	34.42622950819672	65.57377049180327
762	244.0	228.0	75.20325203252033	65.2439024390244	85.96491228070175	14.035087719298245
763	300.0	276.0	69.51219512195121	57.92682926829268	13.043478260869565	86.95652173913044
764	240.0	276.0	75.60975609756098	57.92682926829268	24.637681159420293	75.36231884057972
765	212.0	224.0	78.45528455284553	65.85365853658537	46.42857142857143	53.57142857142857
766	308.0	288.0	68.69918699186992	56.09756097560976	8.333333333333332	91.66666666666666
767	352.0	296.0	64.22764227642277	54.87804878048781	4.054054054054054	95.94594594594594
768	232.0	276.0	76.42276422764228	57.92682926829268	24.637681159420293	75.36231884057972
769	452.0	320.0	54.0650406504065	51.21951219512195	0.0	100.0
770	436.0	292.0	55.6910569105691	55.487804878048784	97.26027397260275	2.73972602739726
771	212.0	220.0	78.45528455284553	66.46341463414635	49.09090909090909	50.90909090909091
772	232.0	260.0	76.42276422764228	60.36585365853659	26.153846153846157	73.84615384615385
773	456.0	320.0	53.65853658536586	51.21951219512195	0.0	100.0
774	384.0	308.0	60.97560975609756	53.04878048780488	3.896103896103896	96.1038961038961
775	208.0	228.0	78.86178861788618	65.2439024390244	43.859649122807014	56.14035087719298
776	336.0	296.0	65.85365853658537	54.87804878048781	6.756756756756757	93.24324324324324
777	204.0	236.0	79.26829268292683	64.02439024390245	35.59322033898305	64.40677966101694
778	220.0	216.0	77.64227642276423	67.07317073170732	70.37037037037037	29.629629629629626
779	216.0	244.0	78.04878048780488	62.80487804878049	70.49180327868852	29.508196721311474
780	228.0	260.0	76.82926829268293	60.36585365853659	24.615384615384617	75.38461538461539
781	464.0	308.0	52.84552845528455	53.04878048780488	98.7012987012987	1.2987012987012987
782	432.0	324.0	56.09756097560976	50.609756097560975	1.2345679012345678	98.76543209876543
783	220.0	244.0	77.64227642276423	62.80487804878049	39.34426229508197	60.65573770491803
784	232.0	268.0	76.42276422764228	59.14634146341463	22.388059701492537	77.61194029850746
785	412.0	288.0	58.13008130081301	56.09756097560976	95.83333333333334	4.166666666666666
786	428.0	320.0	56.50406504065041	51.21951219512195	2.5	97.5
787	232.0	268.0	76.42276422764228	59.14634146341463	23.88059701492537	76.11940298507463
788	436.0	300.0	55.6910569105691	54.268292682926834	96.0	4.0
789	204.0	224.0	79.26829268292683	65.85365853658537	46.42857142857143	53.57142857142857
790	288.0	276.0	70.73170731707317	57.92682926829268	15.942028985507244	84.05797101449275
791	208.0	236.0	78.86178861788618	64.02439024390245	35.59322033898305	64.40677966101694
792	236.0	256.0	76.01626016260163	60.97560975609756	26.5625	73.4375
793	336.0	300.0	65.85365853658537	54.268292682926834	6.666666666666667	93.33333333333333
794	212.0	228.0	78.45528455284553	65.2439024390244	43.859649122807014	56.14035087719298
795	224.0	188.0	77.23577235772358	71.34146341463415	80.85106382978722	19.148936170212767
796	292.0	264.0	70.32520325203252	59.756097560975604	13.636363636363635	86.36363636363636
797	232.0	216.0	76.42276422764228	67.07317073170732	57.407407407407405	42.592592592592595
798	212.0	256.0	78.45528455284553	60.97560975609756	34.375	65.625
799	208.0	240.0	78.86178861788618	63.41463414634146	41.66666666666667	58.333333333333336
800	276.0	268.0	71.95121951219512	59.14634146341463	14.925373134328357	85.07462686567165
801	292.0	272.0	70.32520325203252	58.536585365853654	11.76470588235294	88.23529411764706
802	272.0	280.0	72.35772357723577	57.3170731707317	17.142857142857142	82.85714285714286
803	372.0	268.0	62.19512195121951	59.14634146341463	95.52238805970148	4.477611940298507
804	216.0	240.0	78.04878048780488	63.41463414634146	36.666666666666664	63.33333333333333
805	320.0	296.0	67.47967479674797	54.87804878048781	6.756756756756757	93.24324324324324
806	452.0	300.0	54.0650406504065	54.268292682926834	98.66666666666667	1.3333333333333335
807	360.0	284.0	63.41463414634146	56.70731707317073	92.95774647887323	7.042253521126761
808	192.0	224.0	80.48780487804879	65.85365853658537	57.14285714285714	42.857142857142854
809	212.0	236.0	78.45528455284553	64.02439024390245	44.06779661016949	55.932203389830505
810	200.0	208.0	79.67479674796748	68.29268292682927	65.38461538461539	34.61538461538461
811	380.0	272.0	61.382113821138205	58.536585365853654	95.58823529411765	4.411764705882353
812	212.0	216.0	78.45528455284553	67.07317073170732	64.81481481481481	35.18518518518518
813	220.0	228.0	77.64227642276423	65.2439024390244	42.10526315789473	57.89473684210527
814	444.0	320.0	54.87804878048781	51.21951219512195	0.0	100.0
815	208.0	196.0	78.86178861788618	70.1219512195122	63.26530612244898	36.734693877551024
816	492.0	324.0	50.0	50.609756097560975	98.76543209876543	1.2345679012345678
817	508.0	332.0	48.3739837398374	49.390243902439025	98.79518072289156	1.2048192771084338
818	280.0	200.0	71.54471544715447	69.51219512195121	86.0	14.000000000000002
819	336.0	292.0	65.85365853658537	55.487804878048784	6.8493150684931505	93.15068493150685
820	508.0	328.0	48.3739837398374	50.0	98.78048780487805	1.2195121951219512
821	268.0	240.0	72.76422764227642	63.41463414634146	86.66666666666667	13.333333333333334
822	196.0	212.0	80.08130081300813	67.6829268292683	50.943396226415096	49.056603773584904
823	208.0	228.0	78.86178861788618	65.2439024390244	36.84210526315789	63.1578947368421
824	232.0	244.0	76.42276422764228	62.80487804878049	27.86885245901639	72.1311475409836
825	212.0	216.0	78.45528455284553	67.07317073170732	50.0	50.0
826	196.0	216.0	80.08130081300813	67.07317073170732	51.85185185185185	48.148148148148145
827	224.0	248.0	77.23577235772358	62.19512195121951	33.87096774193548	66.12903225806451
828	248.0	264.0	74.79674796747967	59.756097560975604	21.21212121212121	78.78787878787878
829	388.0	304.0	60.56910569105691	53.65853658536586	3.9473684210526314	96.05263157894737
830	232.0	260.0	76.42276422764228	60.36585365853659	24.615384615384617	75.38461538461539
831	204.0	232.0	79.26829268292683	64.63414634146342	50.0	50.0
832	436.0	296.0	55.6910569105691	54.87804878048781	95.94594594594594	4.054054054054054
833	268.0	272.0	72.76422764227642	58.536585365853654	14.705882352941178	85.29411764705883
834	452.0	300.0	54.0650406504065	54.268292682926834	98.66666666666667	1.3333333333333335
835	440.0	320.0	55.28455284552846	51.21951219512195	0.0	100.0
836	196.0	228.0	80.08130081300813	65.2439024390244	38.59649122807017	61.40350877192983
837	444.0	292.0	54.87804878048781	55.487804878048784	97.26027397260275	2.73972602739726
838	304.0	292.0	69.10569105691057	55.487804878048784	8.21917808219178	91.78082191780823
839	196.0	204.0	80.08130081300813	68.90243902439023	66.66666666666666	33.33333333333333
840	464.0	308.0	52.84552845528455	53.04878048780488	98.7012987012987	1.2987012987012987
841	216.0	240.0	78.04878048780488	63.41463414634146	30.0	70.0
842	336.0	280.0	65.85365853658537	57.3170731707317	5.714285714285714	94.28571428571428
843	472.0	308.0	52.03252032520326	53.04878048780488	98.7012987012987	1.2987012987012987
844	216.0	220.0	78.04878048780488	66.46341463414635	50.90909090909091	49.09090909090909
845	296.0	260.0	69.91869918699187	60.36585365853659	92.3076923076923	7.6923076923076925
846	244.0	272.0	75.20325203252033	58.536585365853654	20.588235294117645	79.41176470588235
847	212.0	228.0	78.45528455284553	65.2439024390244	56.14035087719298	43.859649122807014
848	352.0	292.0	64.22764227642277	55.487804878048784	5.47945205479452	94.52054794520548
849	452.0	300.0	54.0650406504065	54.268292682926834	97.33333333333334	2.666666666666667
850	220.0	256.0	77.64227642276423	60.97560975609756	28.125	71.875
851	256.0	256.0	73.98373983739837	60.97560975609756	79.6875	20.3125
852	204.0	208.0	79.26829268292683	68.29268292682927	61.53846153846154	38.46153846153847
853	252.0	248.0	74.39024390243902	62.19512195121951	88.70967741935483	11.29032258064516
854	276.0	256.0	71.95121951219512	60.97560975609756	14.0625	85.9375
855	228.0	256.0	76.82926829268293	60.97560975609756	32.8125	67.1875
856	348.0	252.0	64.63414634146342	61.58536585365854	92.06349206349206	7.936507936507936
857	264.0	256.0	73.17073170731707	60.97560975609756	90.625	9.375
858	224.0	208.0	77.23577235772358	68.29268292682927	67.3076923076923	32.69230769230769
859	236.0	264.0	76.01626016260163	59.756097560975604	24.242424242424242	75.75757575757575
860	280.0	228.0	71.54471544715447	65.2439024390244	87.71929824561403	12.280701754385964
861	208.0	204.0	78.86178861788618	68.90243902439023	60.78431372549019	39.21568627450981
862	344.0	300.0	65.04065040650406	54.268292682926834	6.666666666666667	93.33333333333333
863	424.0	316.0	56.91056910569105	51.829268292682926	1.2658227848101267	98.73417721518987
864	244.0	224.0	75.20325203252033	65.85365853658537	82.14285714285714	17.857142857142858
865	252.0	204.0	74.39024390243902	68.90243902439023	82.35294117647058	17.647058823529413
866	236.0	276.0	76.01626016260163	57.92682926829268	23.18840579710145	76.81159420289855
867	260.0	240.0	73.57723577235772	63.41463414634146	86.66666666666667	13.333333333333334
868	188.0	232.0	80.89430894308943	64.63414634146342	50.0	50.0
869	200.0	224.0	79.67479674796748	65.85365853658537	57.14285714285714	42.857142857142854
870	416.0	320.0	57.72357723577236	51.21951219512195	1.25	98.75
871	212.0	204.0	78.45528455284553	68.90243902439023	76.47058823529412	23.52941176470588
872	332.0	284.0	66.26016260162602	56.70731707317073	92.95774647887323	7.042253521126761
873	208.0	212.0	78.86178861788618	67.6829268292683	66.0377358490566	33.9622641509434
874	364.0	272.0	63.00813008130082	58.536585365853654	95.58823529411765	4.411764705882353
875	232.0	252.0	76.42276422764228	61.58536585365854	31.746031746031743	68.25396825396825
876	264.0	240.0	73.17073170731707	63.41463414634146	86.66666666666667	13.333333333333334
877	236.0	264.0	76.01626016260163	59.756097560975604	21.21212121212121	78.78787878787878
878	212.0	216.0	78.45528455284553	67.07317073170732	50.0	50.0
879	296.0	224.0	69.91869918699187	65.85365853658537	89.28571428571429	10.714285714285714
880	236.0	268.0	76.01626016260163	59.14634146341463	20.8955223880597	79.1044776119403
881	196.0	212.0	80.08130081300813	67.6829268292683	54.71698113207547	45.28301886792453
882	220.0	224.0	77.64227642276423	65.85365853658537	51.78571428571429	48.214285714285715
883	284.0	280.0	71.13821138211382	57.3170731707317	14.285714285714285	85.71428571428571
884	492.0	324.0	50.0	50.609756097560975	98.76543209876543	1.2345679012345678
885	316.0	288.0	67.88617886178862	56.09756097560976	9.722222222222223	90.27777777777779
886	356.0	284.0	63.82113821138211	56.70731707317073	94.36619718309859	5.633802816901409
887	312.0	284.0	68.29268292682927	56.70731707317073	9.859154929577464	90.14084507042254
888	372.0	276.0	62.19512195121951	57.92682926829268	94.20289855072464	5.797101449275362
889	236.0	268.0	76.01626016260163	59.14634146341463	20.8955223880597	79.1044776119403
890	484.0	324.0	50.81300813008131	50.609756097560975	98.76543209876543	1.2345679012345678
891	224.0	252.0	77.23577235772358	61.58536585365854	26.984126984126984	73.01587301587301
892	412.0	312.0	58.13008130081301	52.4390243902439	2.564102564102564	97.43589743589743
893	236.0	268.0	76.01626016260163	59.14634146341463	22.388059701492537	77.61194029850746
894	320.0	272.0	67.47967479674797	58.536585365853654	94.11764705882352	5.88235294117647
895	428.0	292.0	56.50406504065041	55.487804878048784	98.63013698630137	1.36986301369863
896	212.0	208.0	78.45528455284553	68.29268292682927	67.3076923076923	32.69230769230769
897	248.0	196.0	74.79674796747967	70.1219512195122	85.71428571428571	14.285714285714285
898	240.0	268.0	75.60975609756098	59.14634146341463	23.88059701492537	76.11940298507463
899	280.0	256.0	71.54471544715447	60.97560975609756	14.0625	85.9375
900	244.0	272.0	75.20325203252033	58.536585365853654	20.588235294117645	79.41176470588235
901	468.0	312.0	52.4390243902439	52.4390243902439	98.71794871794873	1.282051282051282
902	216.0	192.0	78.04878048780488	70.73170731707317	77.08333333333334	22.916666666666664
903	188.0	216.0	80.89430894308943	67.07317073170732	53.70370370370371	46.2962962962963
904	452.0	300.0	54.0650406504065	54.268292682926834	98.66666666666667	1.3333333333333335
905	388.0	308.0	60.56910569105691	53.04878048780488	2.5974025974025974	97.40259740259741
906	288.0	276.0	70.73170731707317	57.92682926829268	13.043478260869565	86.95652173913044
907	212.0	228.0	78.45528455284553	65.2439024390244	43.859649122807014	56.14035087719298
908	420.0	320.0	57.3170731707317	51.21951219512195	1.25	98.75
909	216.0	196.0	78.04878048780488	70.1219512195122	67.3469387755102	32.6530612244898
910	236.0	260.0	76.01626016260163	60.36585365853659	21.53846153846154	78.46153846153847
911	312.0	272.0	68.29268292682927	58.536585365853654	92.64705882352942	7.352941176470589
912	288.0	268.0	70.73170731707317	59.14634146341463	92.53731343283582	7.462686567164178
913	264.0	240.0	73.17073170731707	63.41463414634146	85.0	15.0
914	204.0	220.0	79.26829268292683	66.46341463414635	36.36363636363637	63.63636363636363
915	288.0	276.0	70.73170731707317	57.92682926829268	11.594202898550725	88.40579710144928
916	404.0	312.0	58.94308943089431	52.4390243902439	2.564102564102564	97.43589743589743
917	364.0	300.0	63.00813008130082	54.268292682926834	4.0	96.0
918	240.0	276.0	75.60975609756098	57.92682926829268	21.73913043478261	78.26086956521739
919	252.0	232.0	74.39024390243902	64.63414634146342	82.75862068965517	17.24137931034483
920	208.0	232.0	78.86178861788618	64.63414634146342	41.37931034482759	58.620689655172406
921	484.0	320.0	50.81300813008131	51.21951219512195	98.75	1.25
922	440.0	304.0	55.28455284552846	53.65853658536586	97.36842105263158	2.631578947368421
923	272.0	260.0	72.35772357723577	60.36585365853659	13.846153846153847	86.15384615384616
924	484.0	324.0	50.81300813008131	50.609756097560975	98.76543209876543	1.2345679012345678
925	420.0	320.0	57.3170731707317	51.21951219512195	1.25	98.75
926	384.0	312.0	60.97560975609756	52.4390243902439	2.564102564102564	97.43589743589743
927	292.0	268.0	70.32520325203252	59.14634146341463	91.04477611940298	8.955223880597014
928	240.0	272.0	75.60975609756098	58.536585365853654	22.058823529411764	77.94117647058823
929	368.0	264.0	62.601626016260155	59.756097560975604	95.45454545454545	4.545454545454546
930	236.0	196.0	76.01626016260163	70.1219512195122	77.55102040816327	22.448979591836736
931	464.0	312.0	52.84552845528455	52.4390243902439	98.71794871794873	1.282051282051282
932	416.0	292.0	57.72357723577236	55.487804878048784	97.26027397260275	2.73972602739726
933	236.0	204.0	76.01626016260163	68.90243902439023	68.62745098039215	31.372549019607842
934	216.0	228.0	78.04878048780488	65.2439024390244	43.859649122807014	56.14035087719298
935	320.0	288.0	67.47967479674797	56.09756097560976	6.944444444444445	93.05555555555556
936	368.0	260.0	62.601626016260155	60.36585365853659	92.3076923076923	7.6923076923076925
937	220.0	240.0	77.64227642276423	63.41463414634146	35.0	65.0
938	376.0	276.0	61.78861788617886	57.92682926829268	95.65217391304348	4.3478260869565215
939	220.0	244.0	77.64227642276423	62.80487804878049	26.229508196721312	73.77049180327869
940	448.0	292.0	54.47154471544715	55.487804878048784	98.63013698630137	1.36986301369863
941	208.0	224.0	78.86178861788618	65.85365853658537	42.857142857142854	57.14285714285714
942	296.0	276.0	69.91869918699187	57.92682926829268	11.594202898550725	88.40579710144928
943	224.0	200.0	77.23577235772358	69.51219512195121	74.0	26.0
944	448.0	320.0	54.47154471544715	51.21951219512195	0.0	100.0
945	236.0	268.0	76.01626016260163	59.14634146341463	22.388059701492537	77.61194029850746
946	224.0	240.0	77.23577235772358	63.41463414634146	26.666666666666668	73.33333333333333
947	244.0	256.0	75.20325203252033	60.97560975609756	15.625	84.375
948	228.0	256.0	76.82926829268293	60.97560975609756	28.125	71.875
949	224.0	256.0	77.23577235772358	60.97560975609756	25.0	75.0
950	212.0	204.0	78.45528455284553	68.90243902439023	60.78431372549019	39.21568627450981
951	240.0	272.0	75.60975609756098	58.536585365853654	16.176470588235293	83.82352941176471
952	276.0	264.0	71.95121951219512	59.756097560975604	89.39393939393939	10.606060606060606
953	496.0	328.0	49.59349593495935	50.0	98.78048780487805	1.2195121951219512
954	424.0	320.0	56.91056910569105	51.21951219512195	1.25	98.75
955	284.0	228.0	71.13821138211382	65.2439024390244	89.47368421052632	10.526315789473683
956	212.0	224.0	78.45528455284553	65.85365853658537	75.0	25.0
957	308.0	212.0	68.69918699186992	67.6829268292683	90.56603773584906	9.433962264150944
958	208.0	216.0	78.86178861788618	67.07317073170732	50.0	50.0
959	280.0	196.0	71.54471544715447	70.1219512195122	85.71428571428571	14.285714285714285
960	472.0	304.0	52.03252032520326	53.65853658536586	98.68421052631578	1.3157894736842104
961	252.0	248.0	74.39024390243902	62.19512195121951	85.48387096774194	14.516129032258066
962	368.0	284.0	62.601626016260155	56.70731707317073	94.36619718309859	5.633802816901409
963	324.0	276.0	67.07317073170732	57.92682926829268	92.7536231884058	7.246376811594203
964	356.0	224.0	63.82113821138211	65.85365853658537	91.07142857142857	8.928571428571429
965	200.0	212.0	79.67479674796748	67.6829268292683	50.943396226415096	49.056603773584904
966	456.0	300.0	53.65853658536586	54.268292682926834	98.66666666666667	1.3333333333333335
967	476.0	312.0	51.6260162601626	52.4390243902439	98.71794871794873	1.282051282051282
968	264.0	260.0	73.17073170731707	60.36585365853659	16.923076923076923	83.07692307692308
969	236.0	248.0	76.01626016260163	62.19512195121951	25.806451612903224	74.19354838709677
970	212.0	232.0	78.45528455284553	64.63414634146342	37.93103448275862	62.06896551724138
971	380.0	316.0	61.382113821138205	51.829268292682926	5.063291139240507	94.9367088607595
972	256.0	244.0	73.98373983739837	62.80487804878049	85.24590163934425	14.754098360655737
973	468.0	304.0	52.4390243902439	53.65853658536586	98.68421052631578	1.3157894736842104
974	224.0	208.0	77.23577235772358	68.29268292682927	78.84615384615384	21.153846153846153
975	216.0	232.0	78.04878048780488	64.63414634146342	39.6551724137931	60.3448275862069
976	416.0	316.0	57.72357723577236	51.829268292682926	2.5316455696202533	97.46835443037975
977	396.0	312.0	59.756097560975604	52.4390243902439	2.564102564102564	97.43589743589743
978	340.0	264.0	65.4471544715447	59.756097560975604	93.93939393939394	6.0606060606060606
979	272.0	232.0	72.35772357723577	64.63414634146342	87.93103448275862	12.068965517241379
980	232.0	260.0	76.42276422764228	60.36585365853659	24.615384615384617	75.38461538461539
981	332.0	284.0	66.26016260162602	56.70731707317073	7.042253521126761	92.95774647887323
982	216.0	236.0	78.04878048780488	64.02439024390245	32.20338983050847	67.79661016949152
983	236.0	204.0	76.01626016260163	68.90243902439023	80.3921568627451	19.607843137254903
984	256.0	256.0	73.98373983739837	60.97560975609756	17.1875	82.8125
985	236.0	236.0	76.01626016260163	64.02439024390245	79.66101694915254	20.33898305084746
986	324.0	256.0	67.07317073170732	60.97560975609756	92.1875	7.8125
987	484.0	320.0	50.81300813008131	51.21951219512195	98.75	1.25
988	208.0	240.0	78.86178861788618	63.41463414634146	41.66666666666667	58.333333333333336
989	336.0	304.0	65.85365853658537	53.65853658536586	6.578947368421052	93.42105263157895
990	204.0	228.0	79.26829268292683	65.2439024390244	38.59649122807017	61.40350877192983
991	256.0	260.0	73.98373983739837	60.36585365853659	18.461538461538463	81.53846153846153
992	236.0	264.0	76.01626016260163	59.756097560975604	24.242424242424242	75.75757575757575
993	256.0	252.0	73.98373983739837	61.58536585365854	88.88888888888889	11.11111111111111
994	236.0	224.0	76.01626016260163	65.85365853658537	83.92857142857143	16.071428571428573
995	260.0	260.0	73.57723577235772	60.36585365853659	18.461538461538463	81.53846153846153
996	484.0	320.0	50.81300813008131	51.21951219512195	98.75	1.25
997	200.0	200.0	79.67479674796748	69.51219512195121	64.0	36.0
998	452.0	296.0	54.0650406504065	54.87804878048781	98.64864864864865	1.3513513513513513
999	292.0	276.0	70.32520325203252	57.92682926829268	13.043478260869565	86.95652173913044
