0	412.0	288.0	58.13008130081301	56.09756097560976	0.0	100.0
1	452.0	296.0	54.0650406504065	54.87804878048781	95.94594594594594	4.054054054054054
2	400.0	264.0	59.34959349593496	59.756097560975604	6.0606060606060606	93.93939393939394
3	460.0	304.0	53.2520325203252	53.65853658536586	0.0	100.0
4	256.0	204.0	73.98373983739837	68.90243902439023	92.15686274509804	7.8431372549019605
5	204.0	204.0	79.26829268292683	68.90243902439023	13.725490196078432	86.27450980392157
6	216.0	164.0	78.04878048780488	75.0	21.951219512195124	78.04878048780488
7	284.0	224.0	71.13821138211382	65.85365853658537	73.21428571428571	26.785714285714285
8	168.0	168.0	82.92682926829268	74.39024390243902	23.809523809523807	76.19047619047619
9	84.0	112.0	91.46341463414635	82.92682926829268	32.142857142857146	67.85714285714286
10	92.0	116.0	90.65040650406505	82.3170731707317	31.03448275862069	68.96551724137932
11	116.0	124.0	88.21138211382113	81.09756097560977	19.35483870967742	80.64516129032258
12	180.0	172.0	81.70731707317073	73.78048780487805	69.76744186046511	30.23255813953488
13	68.0	128.0	93.08943089430895	80.48780487804879	62.5	37.5
14	56.0	92.0	94.3089430894309	85.97560975609755	39.130434782608695	60.86956521739131
15	72.0	100.0	92.6829268292683	84.7560975609756	60.0	40.0
16	244.0	220.0	75.20325203252033	66.46341463414635	94.54545454545455	5.454545454545454
17	164.0	192.0	83.33333333333334	70.73170731707317	56.25	43.75
18	52.0	100.0	94.71544715447155	84.7560975609756	24.0	76.0
19	48.0	116.0	95.1219512195122	82.3170731707317	72.41379310344827	27.586206896551722
20	112.0	132.0	88.6178861788618	79.8780487804878	75.75757575757575	24.242424242424242
21	192.0	176.0	80.48780487804879	73.17073170731707	90.9090909090909	9.090909090909092
22	220.0	200.0	77.64227642276423	69.51219512195121	0.0	100.0
23	40.0	124.0	95.9349593495935	81.09756097560977	74.19354838709677	25.806451612903224
24	20.0	100.0	97.96747967479675	84.7560975609756	36.0	64.0
25	32.0	96.0	96.7479674796748	85.36585365853658	62.5	37.5
26	48.0	88.0	95.1219512195122	86.58536585365853	18.181818181818183	81.81818181818183
27	32.0	100.0	96.7479674796748	84.7560975609756	68.0	32.0
28	48.0	104.0	95.1219512195122	84.14634146341463	80.76923076923077	19.230769230769234
29	60.0	84.0	93.90243902439023	87.1951219512195	38.095238095238095	61.904761904761905
30	16.0	84.0	98.3739837398374	87.1951219512195	33.33333333333333	66.66666666666666
31	52.0	96.0	94.71544715447155	85.36585365853658	58.333333333333336	41.66666666666667
32	24.0	124.0	97.5609756097561	81.09756097560977	45.16129032258064	54.83870967741935
33	76.0	116.0	92.27642276422763	82.3170731707317	10.344827586206897	89.65517241379311
34	36.0	68.0	96.34146341463415	89.63414634146342	41.17647058823529	58.82352941176471
35	40.0	104.0	95.9349593495935	84.14634146341463	80.76923076923077	19.230769230769234
36	64.0	100.0	93.4959349593496	84.7560975609756	12.0	88.0
37	60.0	120.0	93.90243902439023	81.70731707317073	63.33333333333333	36.666666666666664
38	0.0	88.0	100.0	86.58536585365853	36.36363636363637	63.63636363636363
39	0.0	88.0	100.0	86.58536585365853	36.36363636363637	63.63636363636363
40	0.0	88.0	100.0	86.58536585365853	36.36363636363637	63.63636363636363
41	0.0	88.0	100.0	86.58536585365853	36.36363636363637	63.63636363636363
42	0.0	88.0	100.0	86.58536585365853	36.36363636363637	63.63636363636363
43	0.0	88.0	100.0	86.58536585365853	36.36363636363637	63.63636363636363
44	0.0	88.0	100.0	86.58536585365853	36.36363636363637	63.63636363636363
45	0.0	88.0	100.0	86.58536585365853	36.36363636363637	63.63636363636363
46	0.0	88.0	100.0	86.58536585365853	36.36363636363637	63.63636363636363
47	0.0	88.0	100.0	86.58536585365853	36.36363636363637	63.63636363636363
48	0.0	88.0	100.0	86.58536585365853	36.36363636363637	63.63636363636363
49	0.0	88.0	100.0	86.58536585365853	36.36363636363637	63.63636363636363
50	0.0	88.0	100.0	86.58536585365853	36.36363636363637	63.63636363636363
51	0.0	88.0	100.0	86.58536585365853	36.36363636363637	63.63636363636363
52	0.0	88.0	100.0	86.58536585365853	36.36363636363637	63.63636363636363
53	0.0	88.0	100.0	86.58536585365853	36.36363636363637	63.63636363636363
54	0.0	88.0	100.0	86.58536585365853	36.36363636363637	63.63636363636363
55	0.0	88.0	100.0	86.58536585365853	36.36363636363637	63.63636363636363
56	0.0	88.0	100.0	86.58536585365853	36.36363636363637	63.63636363636363
57	0.0	88.0	100.0	86.58536585365853	36.36363636363637	63.63636363636363
58	0.0	88.0	100.0	86.58536585365853	36.36363636363637	63.63636363636363
59	0.0	88.0	100.0	86.58536585365853	36.36363636363637	63.63636363636363
60	0.0	88.0	100.0	86.58536585365853	36.36363636363637	63.63636363636363
61	0.0	88.0	100.0	86.58536585365853	36.36363636363637	63.63636363636363
62	0.0	88.0	100.0	86.58536585365853	36.36363636363637	63.63636363636363
63	0.0	88.0	100.0	86.58536585365853	36.36363636363637	63.63636363636363
64	0.0	88.0	100.0	86.58536585365853	36.36363636363637	63.63636363636363
65	0.0	88.0	100.0	86.58536585365853	36.36363636363637	63.63636363636363
66	0.0	88.0	100.0	86.58536585365853	36.36363636363637	63.63636363636363
67	0.0	88.0	100.0	86.58536585365853	36.36363636363637	63.63636363636363
68	0.0	88.0	100.0	86.58536585365853	36.36363636363637	63.63636363636363
69	0.0	88.0	100.0	86.58536585365853	36.36363636363637	63.63636363636363
70	0.0	88.0	100.0	86.58536585365853	36.36363636363637	63.63636363636363
71	0.0	88.0	100.0	86.58536585365853	36.36363636363637	63.63636363636363
72	0.0	88.0	100.0	86.58536585365853	36.36363636363637	63.63636363636363
73	0.0	88.0	100.0	86.58536585365853	36.36363636363637	63.63636363636363
74	0.0	88.0	100.0	86.58536585365853	36.36363636363637	63.63636363636363
75	0.0	88.0	100.0	86.58536585365853	36.36363636363637	63.63636363636363
76	0.0	88.0	100.0	86.58536585365853	36.36363636363637	63.63636363636363
77	0.0	88.0	100.0	86.58536585365853	36.36363636363637	63.63636363636363
78	0.0	88.0	100.0	86.58536585365853	36.36363636363637	63.63636363636363
79	0.0	88.0	100.0	86.58536585365853	36.36363636363637	63.63636363636363
80	0.0	88.0	100.0	86.58536585365853	36.36363636363637	63.63636363636363
81	0.0	88.0	100.0	86.58536585365853	36.36363636363637	63.63636363636363
82	0.0	88.0	100.0	86.58536585365853	36.36363636363637	63.63636363636363
83	0.0	88.0	100.0	86.58536585365853	36.36363636363637	63.63636363636363
84	0.0	88.0	100.0	86.58536585365853	36.36363636363637	63.63636363636363
85	0.0	88.0	100.0	86.58536585365853	36.36363636363637	63.63636363636363
86	0.0	88.0	100.0	86.58536585365853	36.36363636363637	63.63636363636363
87	0.0	88.0	100.0	86.58536585365853	36.36363636363637	63.63636363636363
88	0.0	88.0	100.0	86.58536585365853	36.36363636363637	63.63636363636363
89	0.0	88.0	100.0	86.58536585365853	36.36363636363637	63.63636363636363
90	0.0	88.0	100.0	86.58536585365853	36.36363636363637	63.63636363636363
91	0.0	88.0	100.0	86.58536585365853	36.36363636363637	63.63636363636363
92	0.0	88.0	100.0	86.58536585365853	36.36363636363637	63.63636363636363
93	0.0	88.0	100.0	86.58536585365853	36.36363636363637	63.63636363636363
94	0.0	88.0	100.0	86.58536585365853	36.36363636363637	63.63636363636363
95	0.0	88.0	100.0	86.58536585365853	36.36363636363637	63.63636363636363
96	0.0	88.0	100.0	86.58536585365853	36.36363636363637	63.63636363636363
97	0.0	88.0	100.0	86.58536585365853	36.36363636363637	63.63636363636363
98	0.0	88.0	100.0	86.58536585365853	36.36363636363637	63.63636363636363
99	0.0	88.0	100.0	86.58536585365853	36.36363636363637	63.63636363636363
100	0.0	88.0	100.0	86.58536585365853	36.36363636363637	63.63636363636363
101	0.0	88.0	100.0	86.58536585365853	36.36363636363637	63.63636363636363
102	0.0	88.0	100.0	86.58536585365853	36.36363636363637	63.63636363636363
103	0.0	88.0	100.0	86.58536585365853	36.36363636363637	63.63636363636363
104	0.0	88.0	100.0	86.58536585365853	36.36363636363637	63.63636363636363
105	0.0	88.0	100.0	86.58536585365853	36.36363636363637	63.63636363636363
106	0.0	88.0	100.0	86.58536585365853	36.36363636363637	63.63636363636363
107	0.0	88.0	100.0	86.58536585365853	36.36363636363637	63.63636363636363
108	0.0	88.0	100.0	86.58536585365853	36.36363636363637	63.63636363636363
109	0.0	88.0	100.0	86.58536585365853	36.36363636363637	63.63636363636363
110	0.0	88.0	100.0	86.58536585365853	36.36363636363637	63.63636363636363
111	0.0	88.0	100.0	86.58536585365853	36.36363636363637	63.63636363636363
112	0.0	88.0	100.0	86.58536585365853	36.36363636363637	63.63636363636363
113	0.0	88.0	100.0	86.58536585365853	36.36363636363637	63.63636363636363
114	0.0	88.0	100.0	86.58536585365853	36.36363636363637	63.63636363636363
115	0.0	88.0	100.0	86.58536585365853	36.36363636363637	63.63636363636363
116	0.0	88.0	100.0	86.58536585365853	36.36363636363637	63.63636363636363
117	0.0	88.0	100.0	86.58536585365853	36.36363636363637	63.63636363636363
118	0.0	88.0	100.0	86.58536585365853	36.36363636363637	63.63636363636363
119	0.0	88.0	100.0	86.58536585365853	36.36363636363637	63.63636363636363
120	0.0	88.0	100.0	86.58536585365853	36.36363636363637	63.63636363636363
121	0.0	88.0	100.0	86.58536585365853	36.36363636363637	63.63636363636363
122	0.0	88.0	100.0	86.58536585365853	36.36363636363637	63.63636363636363
123	0.0	88.0	100.0	86.58536585365853	36.36363636363637	63.63636363636363
124	0.0	88.0	100.0	86.58536585365853	36.36363636363637	63.63636363636363
125	0.0	88.0	100.0	86.58536585365853	36.36363636363637	63.63636363636363
126	0.0	88.0	100.0	86.58536585365853	36.36363636363637	63.63636363636363
127	0.0	88.0	100.0	86.58536585365853	36.36363636363637	63.63636363636363
128	0.0	88.0	100.0	86.58536585365853	36.36363636363637	63.63636363636363
129	0.0	88.0	100.0	86.58536585365853	36.36363636363637	63.63636363636363
130	0.0	88.0	100.0	86.58536585365853	36.36363636363637	63.63636363636363
131	0.0	88.0	100.0	86.58536585365853	36.36363636363637	63.63636363636363
132	0.0	88.0	100.0	86.58536585365853	36.36363636363637	63.63636363636363
133	0.0	88.0	100.0	86.58536585365853	36.36363636363637	63.63636363636363
134	0.0	88.0	100.0	86.58536585365853	36.36363636363637	63.63636363636363
135	0.0	88.0	100.0	86.58536585365853	36.36363636363637	63.63636363636363
136	0.0	88.0	100.0	86.58536585365853	36.36363636363637	63.63636363636363
137	0.0	88.0	100.0	86.58536585365853	36.36363636363637	63.63636363636363
138	0.0	88.0	100.0	86.58536585365853	36.36363636363637	63.63636363636363
139	0.0	88.0	100.0	86.58536585365853	36.36363636363637	63.63636363636363
140	0.0	88.0	100.0	86.58536585365853	36.36363636363637	63.63636363636363
141	0.0	88.0	100.0	86.58536585365853	36.36363636363637	63.63636363636363
142	0.0	88.0	100.0	86.58536585365853	36.36363636363637	63.63636363636363
143	0.0	88.0	100.0	86.58536585365853	36.36363636363637	63.63636363636363
144	0.0	88.0	100.0	86.58536585365853	36.36363636363637	63.63636363636363
145	0.0	88.0	100.0	86.58536585365853	36.36363636363637	63.63636363636363
146	0.0	88.0	100.0	86.58536585365853	36.36363636363637	63.63636363636363
147	0.0	88.0	100.0	86.58536585365853	36.36363636363637	63.63636363636363
148	0.0	88.0	100.0	86.58536585365853	36.36363636363637	63.63636363636363
149	0.0	88.0	100.0	86.58536585365853	36.36363636363637	63.63636363636363
150	0.0	88.0	100.0	86.58536585365853	36.36363636363637	63.63636363636363
151	0.0	88.0	100.0	86.58536585365853	36.36363636363637	63.63636363636363
152	0.0	88.0	100.0	86.58536585365853	36.36363636363637	63.63636363636363
153	0.0	88.0	100.0	86.58536585365853	36.36363636363637	63.63636363636363
154	0.0	88.0	100.0	86.58536585365853	36.36363636363637	63.63636363636363
155	0.0	88.0	100.0	86.58536585365853	36.36363636363637	63.63636363636363
156	0.0	88.0	100.0	86.58536585365853	36.36363636363637	63.63636363636363
157	0.0	88.0	100.0	86.58536585365853	36.36363636363637	63.63636363636363
158	0.0	88.0	100.0	86.58536585365853	36.36363636363637	63.63636363636363
159	0.0	88.0	100.0	86.58536585365853	36.36363636363637	63.63636363636363
160	0.0	88.0	100.0	86.58536585365853	36.36363636363637	63.63636363636363
161	0.0	88.0	100.0	86.58536585365853	36.36363636363637	63.63636363636363
162	0.0	88.0	100.0	86.58536585365853	36.36363636363637	63.63636363636363
163	0.0	88.0	100.0	86.58536585365853	36.36363636363637	63.63636363636363
164	0.0	88.0	100.0	86.58536585365853	36.36363636363637	63.63636363636363
165	0.0	88.0	100.0	86.58536585365853	36.36363636363637	63.63636363636363
166	0.0	88.0	100.0	86.58536585365853	36.36363636363637	63.63636363636363
167	0.0	88.0	100.0	86.58536585365853	36.36363636363637	63.63636363636363
168	0.0	88.0	100.0	86.58536585365853	36.36363636363637	63.63636363636363
169	0.0	88.0	100.0	86.58536585365853	36.36363636363637	63.63636363636363
170	0.0	88.0	100.0	86.58536585365853	36.36363636363637	63.63636363636363
171	0.0	88.0	100.0	86.58536585365853	36.36363636363637	63.63636363636363
172	0.0	88.0	100.0	86.58536585365853	36.36363636363637	63.63636363636363
173	0.0	88.0	100.0	86.58536585365853	36.36363636363637	63.63636363636363
174	0.0	88.0	100.0	86.58536585365853	36.36363636363637	63.63636363636363
175	0.0	88.0	100.0	86.58536585365853	36.36363636363637	63.63636363636363
176	0.0	88.0	100.0	86.58536585365853	36.36363636363637	63.63636363636363
177	0.0	88.0	100.0	86.58536585365853	36.36363636363637	63.63636363636363
178	0.0	88.0	100.0	86.58536585365853	36.36363636363637	63.63636363636363
179	0.0	88.0	100.0	86.58536585365853	36.36363636363637	63.63636363636363
180	0.0	88.0	100.0	86.58536585365853	36.36363636363637	63.63636363636363
181	0.0	88.0	100.0	86.58536585365853	36.36363636363637	63.63636363636363
182	0.0	88.0	100.0	86.58536585365853	36.36363636363637	63.63636363636363
183	0.0	88.0	100.0	86.58536585365853	36.36363636363637	63.63636363636363
184	0.0	88.0	100.0	86.58536585365853	36.36363636363637	63.63636363636363
185	0.0	88.0	100.0	86.58536585365853	36.36363636363637	63.63636363636363
186	0.0	88.0	100.0	86.58536585365853	36.36363636363637	63.63636363636363
187	0.0	88.0	100.0	86.58536585365853	36.36363636363637	63.63636363636363
188	0.0	88.0	100.0	86.58536585365853	36.36363636363637	63.63636363636363
189	0.0	88.0	100.0	86.58536585365853	36.36363636363637	63.63636363636363
190	0.0	88.0	100.0	86.58536585365853	36.36363636363637	63.63636363636363
191	0.0	88.0	100.0	86.58536585365853	36.36363636363637	63.63636363636363
192	0.0	88.0	100.0	86.58536585365853	36.36363636363637	63.63636363636363
193	0.0	88.0	100.0	86.58536585365853	36.36363636363637	63.63636363636363
194	0.0	88.0	100.0	86.58536585365853	36.36363636363637	63.63636363636363
195	0.0	88.0	100.0	86.58536585365853	36.36363636363637	63.63636363636363
196	0.0	88.0	100.0	86.58536585365853	36.36363636363637	63.63636363636363
197	0.0	88.0	100.0	86.58536585365853	36.36363636363637	63.63636363636363
198	0.0	88.0	100.0	86.58536585365853	36.36363636363637	63.63636363636363
199	0.0	88.0	100.0	86.58536585365853	36.36363636363637	63.63636363636363
200	0.0	88.0	100.0	86.58536585365853	36.36363636363637	63.63636363636363
201	0.0	88.0	100.0	86.58536585365853	36.36363636363637	63.63636363636363
202	0.0	88.0	100.0	86.58536585365853	36.36363636363637	63.63636363636363
203	0.0	88.0	100.0	86.58536585365853	36.36363636363637	63.63636363636363
204	0.0	88.0	100.0	86.58536585365853	36.36363636363637	63.63636363636363
205	0.0	88.0	100.0	86.58536585365853	36.36363636363637	63.63636363636363
206	0.0	88.0	100.0	86.58536585365853	36.36363636363637	63.63636363636363
207	0.0	88.0	100.0	86.58536585365853	36.36363636363637	63.63636363636363
208	0.0	88.0	100.0	86.58536585365853	36.36363636363637	63.63636363636363
209	0.0	88.0	100.0	86.58536585365853	36.36363636363637	63.63636363636363
210	0.0	88.0	100.0	86.58536585365853	36.36363636363637	63.63636363636363
211	0.0	88.0	100.0	86.58536585365853	36.36363636363637	63.63636363636363
212	0.0	88.0	100.0	86.58536585365853	36.36363636363637	63.63636363636363
213	0.0	88.0	100.0	86.58536585365853	36.36363636363637	63.63636363636363
214	0.0	88.0	100.0	86.58536585365853	36.36363636363637	63.63636363636363
215	0.0	88.0	100.0	86.58536585365853	36.36363636363637	63.63636363636363
216	0.0	88.0	100.0	86.58536585365853	36.36363636363637	63.63636363636363
217	0.0	88.0	100.0	86.58536585365853	36.36363636363637	63.63636363636363
218	0.0	88.0	100.0	86.58536585365853	36.36363636363637	63.63636363636363
219	0.0	88.0	100.0	86.58536585365853	36.36363636363637	63.63636363636363
220	0.0	88.0	100.0	86.58536585365853	36.36363636363637	63.63636363636363
221	0.0	88.0	100.0	86.58536585365853	36.36363636363637	63.63636363636363
222	0.0	88.0	100.0	86.58536585365853	36.36363636363637	63.63636363636363
223	0.0	88.0	100.0	86.58536585365853	36.36363636363637	63.63636363636363
224	0.0	88.0	100.0	86.58536585365853	36.36363636363637	63.63636363636363
225	0.0	88.0	100.0	86.58536585365853	36.36363636363637	63.63636363636363
226	0.0	88.0	100.0	86.58536585365853	36.36363636363637	63.63636363636363
227	0.0	88.0	100.0	86.58536585365853	36.36363636363637	63.63636363636363
228	0.0	88.0	100.0	86.58536585365853	36.36363636363637	63.63636363636363
229	0.0	88.0	100.0	86.58536585365853	36.36363636363637	63.63636363636363
230	0.0	88.0	100.0	86.58536585365853	36.36363636363637	63.63636363636363
231	0.0	88.0	100.0	86.58536585365853	36.36363636363637	63.63636363636363
232	0.0	88.0	100.0	86.58536585365853	36.36363636363637	63.63636363636363
233	0.0	88.0	100.0	86.58536585365853	36.36363636363637	63.63636363636363
234	0.0	88.0	100.0	86.58536585365853	36.36363636363637	63.63636363636363
235	0.0	88.0	100.0	86.58536585365853	36.36363636363637	63.63636363636363
236	0.0	88.0	100.0	86.58536585365853	36.36363636363637	63.63636363636363
237	0.0	88.0	100.0	86.58536585365853	36.36363636363637	63.63636363636363
238	0.0	88.0	100.0	86.58536585365853	36.36363636363637	63.63636363636363
239	0.0	88.0	100.0	86.58536585365853	36.36363636363637	63.63636363636363
240	0.0	88.0	100.0	86.58536585365853	36.36363636363637	63.63636363636363
241	0.0	88.0	100.0	86.58536585365853	36.36363636363637	63.63636363636363
242	0.0	88.0	100.0	86.58536585365853	36.36363636363637	63.63636363636363
243	0.0	88.0	100.0	86.58536585365853	36.36363636363637	63.63636363636363
244	0.0	88.0	100.0	86.58536585365853	36.36363636363637	63.63636363636363
245	0.0	88.0	100.0	86.58536585365853	36.36363636363637	63.63636363636363
246	0.0	88.0	100.0	86.58536585365853	36.36363636363637	63.63636363636363
247	0.0	88.0	100.0	86.58536585365853	36.36363636363637	63.63636363636363
248	0.0	88.0	100.0	86.58536585365853	36.36363636363637	63.63636363636363
249	0.0	88.0	100.0	86.58536585365853	36.36363636363637	63.63636363636363
250	0.0	88.0	100.0	86.58536585365853	36.36363636363637	63.63636363636363
251	0.0	88.0	100.0	86.58536585365853	36.36363636363637	63.63636363636363
252	0.0	88.0	100.0	86.58536585365853	36.36363636363637	63.63636363636363
253	0.0	88.0	100.0	86.58536585365853	36.36363636363637	63.63636363636363
254	0.0	88.0	100.0	86.58536585365853	36.36363636363637	63.63636363636363
255	0.0	88.0	100.0	86.58536585365853	36.36363636363637	63.63636363636363
256	0.0	88.0	100.0	86.58536585365853	36.36363636363637	63.63636363636363
257	0.0	88.0	100.0	86.58536585365853	36.36363636363637	63.63636363636363
258	0.0	88.0	100.0	86.58536585365853	36.36363636363637	63.63636363636363
259	0.0	88.0	100.0	86.58536585365853	36.36363636363637	63.63636363636363
260	0.0	88.0	100.0	86.58536585365853	36.36363636363637	63.63636363636363
261	0.0	88.0	100.0	86.58536585365853	36.36363636363637	63.63636363636363
262	0.0	88.0	100.0	86.58536585365853	36.36363636363637	63.63636363636363
263	0.0	88.0	100.0	86.58536585365853	36.36363636363637	63.63636363636363
264	0.0	88.0	100.0	86.58536585365853	36.36363636363637	63.63636363636363
265	0.0	88.0	100.0	86.58536585365853	36.36363636363637	63.63636363636363
266	0.0	88.0	100.0	86.58536585365853	36.36363636363637	63.63636363636363
267	0.0	88.0	100.0	86.58536585365853	36.36363636363637	63.63636363636363
268	0.0	88.0	100.0	86.58536585365853	36.36363636363637	63.63636363636363
269	0.0	88.0	100.0	86.58536585365853	36.36363636363637	63.63636363636363
270	0.0	88.0	100.0	86.58536585365853	36.36363636363637	63.63636363636363
271	0.0	88.0	100.0	86.58536585365853	36.36363636363637	63.63636363636363
272	0.0	88.0	100.0	86.58536585365853	36.36363636363637	63.63636363636363
273	0.0	88.0	100.0	86.58536585365853	36.36363636363637	63.63636363636363
274	0.0	88.0	100.0	86.58536585365853	36.36363636363637	63.63636363636363
275	0.0	88.0	100.0	86.58536585365853	36.36363636363637	63.63636363636363
276	0.0	88.0	100.0	86.58536585365853	36.36363636363637	63.63636363636363
277	0.0	88.0	100.0	86.58536585365853	36.36363636363637	63.63636363636363
278	0.0	88.0	100.0	86.58536585365853	36.36363636363637	63.63636363636363
279	0.0	88.0	100.0	86.58536585365853	36.36363636363637	63.63636363636363
280	0.0	88.0	100.0	86.58536585365853	36.36363636363637	63.63636363636363
281	0.0	88.0	100.0	86.58536585365853	36.36363636363637	63.63636363636363
282	0.0	88.0	100.0	86.58536585365853	36.36363636363637	63.63636363636363
283	0.0	88.0	100.0	86.58536585365853	36.36363636363637	63.63636363636363
284	0.0	88.0	100.0	86.58536585365853	36.36363636363637	63.63636363636363
285	0.0	88.0	100.0	86.58536585365853	36.36363636363637	63.63636363636363
286	0.0	88.0	100.0	86.58536585365853	36.36363636363637	63.63636363636363
287	0.0	88.0	100.0	86.58536585365853	36.36363636363637	63.63636363636363
288	0.0	88.0	100.0	86.58536585365853	36.36363636363637	63.63636363636363
289	0.0	88.0	100.0	86.58536585365853	36.36363636363637	63.63636363636363
290	0.0	88.0	100.0	86.58536585365853	36.36363636363637	63.63636363636363
291	0.0	88.0	100.0	86.58536585365853	36.36363636363637	63.63636363636363
292	0.0	88.0	100.0	86.58536585365853	36.36363636363637	63.63636363636363
293	0.0	88.0	100.0	86.58536585365853	36.36363636363637	63.63636363636363
294	0.0	88.0	100.0	86.58536585365853	36.36363636363637	63.63636363636363
295	0.0	88.0	100.0	86.58536585365853	36.36363636363637	63.63636363636363
296	0.0	88.0	100.0	86.58536585365853	36.36363636363637	63.63636363636363
297	0.0	88.0	100.0	86.58536585365853	36.36363636363637	63.63636363636363
298	0.0	88.0	100.0	86.58536585365853	36.36363636363637	63.63636363636363
299	0.0	88.0	100.0	86.58536585365853	36.36363636363637	63.63636363636363
300	0.0	88.0	100.0	86.58536585365853	36.36363636363637	63.63636363636363
301	0.0	88.0	100.0	86.58536585365853	36.36363636363637	63.63636363636363
302	0.0	88.0	100.0	86.58536585365853	36.36363636363637	63.63636363636363
303	0.0	88.0	100.0	86.58536585365853	36.36363636363637	63.63636363636363
304	0.0	88.0	100.0	86.58536585365853	36.36363636363637	63.63636363636363
305	0.0	88.0	100.0	86.58536585365853	36.36363636363637	63.63636363636363
306	0.0	88.0	100.0	86.58536585365853	36.36363636363637	63.63636363636363
307	0.0	88.0	100.0	86.58536585365853	36.36363636363637	63.63636363636363
308	0.0	88.0	100.0	86.58536585365853	36.36363636363637	63.63636363636363
309	0.0	88.0	100.0	86.58536585365853	36.36363636363637	63.63636363636363
310	0.0	88.0	100.0	86.58536585365853	36.36363636363637	63.63636363636363
311	0.0	88.0	100.0	86.58536585365853	36.36363636363637	63.63636363636363
312	0.0	88.0	100.0	86.58536585365853	36.36363636363637	63.63636363636363
313	0.0	88.0	100.0	86.58536585365853	36.36363636363637	63.63636363636363
314	0.0	88.0	100.0	86.58536585365853	36.36363636363637	63.63636363636363
315	0.0	88.0	100.0	86.58536585365853	36.36363636363637	63.63636363636363
316	0.0	88.0	100.0	86.58536585365853	36.36363636363637	63.63636363636363
317	0.0	88.0	100.0	86.58536585365853	36.36363636363637	63.63636363636363
318	0.0	88.0	100.0	86.58536585365853	36.36363636363637	63.63636363636363
319	0.0	88.0	100.0	86.58536585365853	36.36363636363637	63.63636363636363
320	0.0	88.0	100.0	86.58536585365853	36.36363636363637	63.63636363636363
321	0.0	88.0	100.0	86.58536585365853	36.36363636363637	63.63636363636363
322	0.0	88.0	100.0	86.58536585365853	36.36363636363637	63.63636363636363
323	0.0	88.0	100.0	86.58536585365853	36.36363636363637	63.63636363636363
324	0.0	88.0	100.0	86.58536585365853	36.36363636363637	63.63636363636363
325	0.0	88.0	100.0	86.58536585365853	36.36363636363637	63.63636363636363
326	0.0	88.0	100.0	86.58536585365853	36.36363636363637	63.63636363636363
327	0.0	88.0	100.0	86.58536585365853	36.36363636363637	63.63636363636363
328	0.0	88.0	100.0	86.58536585365853	36.36363636363637	63.63636363636363
329	0.0	88.0	100.0	86.58536585365853	36.36363636363637	63.63636363636363
330	0.0	88.0	100.0	86.58536585365853	36.36363636363637	63.63636363636363
331	0.0	88.0	100.0	86.58536585365853	36.36363636363637	63.63636363636363
332	0.0	88.0	100.0	86.58536585365853	36.36363636363637	63.63636363636363
333	0.0	88.0	100.0	86.58536585365853	36.36363636363637	63.63636363636363
334	0.0	88.0	100.0	86.58536585365853	36.36363636363637	63.63636363636363
335	0.0	88.0	100.0	86.58536585365853	36.36363636363637	63.63636363636363
336	0.0	88.0	100.0	86.58536585365853	36.36363636363637	63.63636363636363
337	0.0	88.0	100.0	86.58536585365853	36.36363636363637	63.63636363636363
338	0.0	88.0	100.0	86.58536585365853	36.36363636363637	63.63636363636363
339	0.0	88.0	100.0	86.58536585365853	36.36363636363637	63.63636363636363
340	0.0	88.0	100.0	86.58536585365853	36.36363636363637	63.63636363636363
341	0.0	88.0	100.0	86.58536585365853	36.36363636363637	63.63636363636363
342	0.0	88.0	100.0	86.58536585365853	36.36363636363637	63.63636363636363
343	0.0	88.0	100.0	86.58536585365853	36.36363636363637	63.63636363636363
344	0.0	88.0	100.0	86.58536585365853	36.36363636363637	63.63636363636363
345	0.0	88.0	100.0	86.58536585365853	36.36363636363637	63.63636363636363
346	0.0	88.0	100.0	86.58536585365853	36.36363636363637	63.63636363636363
347	0.0	88.0	100.0	86.58536585365853	36.36363636363637	63.63636363636363
348	0.0	88.0	100.0	86.58536585365853	36.36363636363637	63.63636363636363
349	0.0	88.0	100.0	86.58536585365853	36.36363636363637	63.63636363636363
350	0.0	88.0	100.0	86.58536585365853	36.36363636363637	63.63636363636363
351	0.0	88.0	100.0	86.58536585365853	36.36363636363637	63.63636363636363
352	0.0	88.0	100.0	86.58536585365853	36.36363636363637	63.63636363636363
353	0.0	88.0	100.0	86.58536585365853	36.36363636363637	63.63636363636363
354	0.0	88.0	100.0	86.58536585365853	36.36363636363637	63.63636363636363
355	0.0	88.0	100.0	86.58536585365853	36.36363636363637	63.63636363636363
356	0.0	88.0	100.0	86.58536585365853	36.36363636363637	63.63636363636363
357	0.0	88.0	100.0	86.58536585365853	36.36363636363637	63.63636363636363
358	0.0	88.0	100.0	86.58536585365853	36.36363636363637	63.63636363636363
359	0.0	88.0	100.0	86.58536585365853	36.36363636363637	63.63636363636363
360	0.0	88.0	100.0	86.58536585365853	36.36363636363637	63.63636363636363
361	0.0	88.0	100.0	86.58536585365853	36.36363636363637	63.63636363636363
362	0.0	88.0	100.0	86.58536585365853	36.36363636363637	63.63636363636363
363	0.0	88.0	100.0	86.58536585365853	36.36363636363637	63.63636363636363
364	0.0	88.0	100.0	86.58536585365853	36.36363636363637	63.63636363636363
365	0.0	88.0	100.0	86.58536585365853	36.36363636363637	63.63636363636363
366	0.0	88.0	100.0	86.58536585365853	36.36363636363637	63.63636363636363
367	0.0	88.0	100.0	86.58536585365853	36.36363636363637	63.63636363636363
368	0.0	88.0	100.0	86.58536585365853	36.36363636363637	63.63636363636363
369	0.0	88.0	100.0	86.58536585365853	36.36363636363637	63.63636363636363
370	0.0	88.0	100.0	86.58536585365853	36.36363636363637	63.63636363636363
371	0.0	88.0	100.0	86.58536585365853	36.36363636363637	63.63636363636363
372	0.0	88.0	100.0	86.58536585365853	36.36363636363637	63.63636363636363
373	0.0	88.0	100.0	86.58536585365853	36.36363636363637	63.63636363636363
374	0.0	88.0	100.0	86.58536585365853	36.36363636363637	63.63636363636363
375	0.0	88.0	100.0	86.58536585365853	36.36363636363637	63.63636363636363
376	0.0	88.0	100.0	86.58536585365853	36.36363636363637	63.63636363636363
377	0.0	88.0	100.0	86.58536585365853	36.36363636363637	63.63636363636363
378	0.0	88.0	100.0	86.58536585365853	36.36363636363637	63.63636363636363
379	0.0	88.0	100.0	86.58536585365853	36.36363636363637	63.63636363636363
380	0.0	88.0	100.0	86.58536585365853	36.36363636363637	63.63636363636363
381	0.0	88.0	100.0	86.58536585365853	36.36363636363637	63.63636363636363
382	0.0	88.0	100.0	86.58536585365853	36.36363636363637	63.63636363636363
383	0.0	88.0	100.0	86.58536585365853	36.36363636363637	63.63636363636363
384	0.0	88.0	100.0	86.58536585365853	36.36363636363637	63.63636363636363
385	0.0	88.0	100.0	86.58536585365853	36.36363636363637	63.63636363636363
386	0.0	88.0	100.0	86.58536585365853	36.36363636363637	63.63636363636363
387	0.0	88.0	100.0	86.58536585365853	36.36363636363637	63.63636363636363
388	0.0	88.0	100.0	86.58536585365853	36.36363636363637	63.63636363636363
389	0.0	88.0	100.0	86.58536585365853	36.36363636363637	63.63636363636363
390	0.0	88.0	100.0	86.58536585365853	36.36363636363637	63.63636363636363
391	0.0	88.0	100.0	86.58536585365853	36.36363636363637	63.63636363636363
392	0.0	88.0	100.0	86.58536585365853	36.36363636363637	63.63636363636363
393	0.0	88.0	100.0	86.58536585365853	36.36363636363637	63.63636363636363
394	0.0	88.0	100.0	86.58536585365853	36.36363636363637	63.63636363636363
395	0.0	88.0	100.0	86.58536585365853	36.36363636363637	63.63636363636363
396	0.0	88.0	100.0	86.58536585365853	36.36363636363637	63.63636363636363
397	0.0	88.0	100.0	86.58536585365853	36.36363636363637	63.63636363636363
398	0.0	88.0	100.0	86.58536585365853	36.36363636363637	63.63636363636363
399	0.0	88.0	100.0	86.58536585365853	36.36363636363637	63.63636363636363
400	0.0	88.0	100.0	86.58536585365853	36.36363636363637	63.63636363636363
401	0.0	88.0	100.0	86.58536585365853	36.36363636363637	63.63636363636363
402	0.0	88.0	100.0	86.58536585365853	36.36363636363637	63.63636363636363
403	0.0	88.0	100.0	86.58536585365853	36.36363636363637	63.63636363636363
404	0.0	88.0	100.0	86.58536585365853	36.36363636363637	63.63636363636363
405	0.0	88.0	100.0	86.58536585365853	36.36363636363637	63.63636363636363
406	0.0	88.0	100.0	86.58536585365853	36.36363636363637	63.63636363636363
407	0.0	88.0	100.0	86.58536585365853	36.36363636363637	63.63636363636363
408	0.0	88.0	100.0	86.58536585365853	36.36363636363637	63.63636363636363
409	0.0	88.0	100.0	86.58536585365853	36.36363636363637	63.63636363636363
410	0.0	88.0	100.0	86.58536585365853	36.36363636363637	63.63636363636363
411	0.0	88.0	100.0	86.58536585365853	36.36363636363637	63.63636363636363
412	0.0	88.0	100.0	86.58536585365853	36.36363636363637	63.63636363636363
413	0.0	88.0	100.0	86.58536585365853	36.36363636363637	63.63636363636363
414	0.0	88.0	100.0	86.58536585365853	36.36363636363637	63.63636363636363
415	0.0	88.0	100.0	86.58536585365853	36.36363636363637	63.63636363636363
416	0.0	88.0	100.0	86.58536585365853	36.36363636363637	63.63636363636363
417	0.0	88.0	100.0	86.58536585365853	36.36363636363637	63.63636363636363
418	0.0	88.0	100.0	86.58536585365853	36.36363636363637	63.63636363636363
419	0.0	88.0	100.0	86.58536585365853	36.36363636363637	63.63636363636363
420	0.0	88.0	100.0	86.58536585365853	36.36363636363637	63.63636363636363
421	0.0	88.0	100.0	86.58536585365853	36.36363636363637	63.63636363636363
422	0.0	88.0	100.0	86.58536585365853	36.36363636363637	63.63636363636363
423	0.0	88.0	100.0	86.58536585365853	36.36363636363637	63.63636363636363
424	0.0	88.0	100.0	86.58536585365853	36.36363636363637	63.63636363636363
425	0.0	88.0	100.0	86.58536585365853	36.36363636363637	63.63636363636363
426	0.0	88.0	100.0	86.58536585365853	36.36363636363637	63.63636363636363
427	0.0	88.0	100.0	86.58536585365853	36.36363636363637	63.63636363636363
428	0.0	88.0	100.0	86.58536585365853	36.36363636363637	63.63636363636363
429	0.0	88.0	100.0	86.58536585365853	36.36363636363637	63.63636363636363
430	0.0	88.0	100.0	86.58536585365853	36.36363636363637	63.63636363636363
431	0.0	88.0	100.0	86.58536585365853	36.36363636363637	63.63636363636363
432	0.0	88.0	100.0	86.58536585365853	36.36363636363637	63.63636363636363
433	0.0	88.0	100.0	86.58536585365853	36.36363636363637	63.63636363636363
434	0.0	88.0	100.0	86.58536585365853	36.36363636363637	63.63636363636363
435	0.0	88.0	100.0	86.58536585365853	36.36363636363637	63.63636363636363
436	0.0	88.0	100.0	86.58536585365853	36.36363636363637	63.63636363636363
437	0.0	88.0	100.0	86.58536585365853	36.36363636363637	63.63636363636363
438	0.0	88.0	100.0	86.58536585365853	36.36363636363637	63.63636363636363
439	0.0	88.0	100.0	86.58536585365853	36.36363636363637	63.63636363636363
440	0.0	88.0	100.0	86.58536585365853	36.36363636363637	63.63636363636363
441	0.0	88.0	100.0	86.58536585365853	36.36363636363637	63.63636363636363
442	0.0	88.0	100.0	86.58536585365853	36.36363636363637	63.63636363636363
443	0.0	88.0	100.0	86.58536585365853	36.36363636363637	63.63636363636363
444	0.0	88.0	100.0	86.58536585365853	36.36363636363637	63.63636363636363
445	0.0	88.0	100.0	86.58536585365853	36.36363636363637	63.63636363636363
446	0.0	88.0	100.0	86.58536585365853	36.36363636363637	63.63636363636363
447	0.0	88.0	100.0	86.58536585365853	36.36363636363637	63.63636363636363
448	0.0	88.0	100.0	86.58536585365853	36.36363636363637	63.63636363636363
449	0.0	88.0	100.0	86.58536585365853	36.36363636363637	63.63636363636363
450	0.0	88.0	100.0	86.58536585365853	36.36363636363637	63.63636363636363
451	0.0	88.0	100.0	86.58536585365853	36.36363636363637	63.63636363636363
452	0.0	88.0	100.0	86.58536585365853	36.36363636363637	63.63636363636363
453	0.0	88.0	100.0	86.58536585365853	36.36363636363637	63.63636363636363
454	0.0	88.0	100.0	86.58536585365853	36.36363636363637	63.63636363636363
455	0.0	88.0	100.0	86.58536585365853	36.36363636363637	63.63636363636363
456	0.0	88.0	100.0	86.58536585365853	36.36363636363637	63.63636363636363
457	0.0	88.0	100.0	86.58536585365853	36.36363636363637	63.63636363636363
458	0.0	88.0	100.0	86.58536585365853	36.36363636363637	63.63636363636363
459	0.0	88.0	100.0	86.58536585365853	36.36363636363637	63.63636363636363
460	0.0	88.0	100.0	86.58536585365853	36.36363636363637	63.63636363636363
461	0.0	88.0	100.0	86.58536585365853	36.36363636363637	63.63636363636363
462	0.0	88.0	100.0	86.58536585365853	36.36363636363637	63.63636363636363
463	0.0	88.0	100.0	86.58536585365853	36.36363636363637	63.63636363636363
464	0.0	88.0	100.0	86.58536585365853	36.36363636363637	63.63636363636363
465	0.0	88.0	100.0	86.58536585365853	36.36363636363637	63.63636363636363
466	0.0	88.0	100.0	86.58536585365853	36.36363636363637	63.63636363636363
467	0.0	88.0	100.0	86.58536585365853	36.36363636363637	63.63636363636363
468	0.0	88.0	100.0	86.58536585365853	36.36363636363637	63.63636363636363
469	0.0	88.0	100.0	86.58536585365853	36.36363636363637	63.63636363636363
470	0.0	88.0	100.0	86.58536585365853	36.36363636363637	63.63636363636363
471	0.0	88.0	100.0	86.58536585365853	36.36363636363637	63.63636363636363
472	0.0	88.0	100.0	86.58536585365853	36.36363636363637	63.63636363636363
473	0.0	88.0	100.0	86.58536585365853	36.36363636363637	63.63636363636363
474	0.0	88.0	100.0	86.58536585365853	36.36363636363637	63.63636363636363
475	0.0	88.0	100.0	86.58536585365853	36.36363636363637	63.63636363636363
476	0.0	88.0	100.0	86.58536585365853	36.36363636363637	63.63636363636363
477	0.0	88.0	100.0	86.58536585365853	36.36363636363637	63.63636363636363
478	0.0	88.0	100.0	86.58536585365853	36.36363636363637	63.63636363636363
479	0.0	88.0	100.0	86.58536585365853	36.36363636363637	63.63636363636363
480	0.0	88.0	100.0	86.58536585365853	36.36363636363637	63.63636363636363
481	0.0	88.0	100.0	86.58536585365853	36.36363636363637	63.63636363636363
482	0.0	88.0	100.0	86.58536585365853	36.36363636363637	63.63636363636363
483	0.0	88.0	100.0	86.58536585365853	36.36363636363637	63.63636363636363
484	0.0	88.0	100.0	86.58536585365853	36.36363636363637	63.63636363636363
485	0.0	88.0	100.0	86.58536585365853	36.36363636363637	63.63636363636363
486	0.0	88.0	100.0	86.58536585365853	36.36363636363637	63.63636363636363
487	0.0	88.0	100.0	86.58536585365853	36.36363636363637	63.63636363636363
488	0.0	88.0	100.0	86.58536585365853	36.36363636363637	63.63636363636363
489	0.0	88.0	100.0	86.58536585365853	36.36363636363637	63.63636363636363
490	0.0	88.0	100.0	86.58536585365853	36.36363636363637	63.63636363636363
491	0.0	88.0	100.0	86.58536585365853	36.36363636363637	63.63636363636363
492	0.0	88.0	100.0	86.58536585365853	36.36363636363637	63.63636363636363
493	0.0	88.0	100.0	86.58536585365853	36.36363636363637	63.63636363636363
494	0.0	88.0	100.0	86.58536585365853	36.36363636363637	63.63636363636363
495	0.0	88.0	100.0	86.58536585365853	36.36363636363637	63.63636363636363
496	0.0	88.0	100.0	86.58536585365853	36.36363636363637	63.63636363636363
497	0.0	88.0	100.0	86.58536585365853	36.36363636363637	63.63636363636363
498	0.0	88.0	100.0	86.58536585365853	36.36363636363637	63.63636363636363
499	0.0	88.0	100.0	86.58536585365853	36.36363636363637	63.63636363636363
