0	512.0	348.0	47.96747967479675	46.95121951219512	100.0	0.0
1	472.0	308.0	52.03252032520326	53.04878048780488	0.0	100.0
2	472.0	308.0	52.03252032520326	53.04878048780488	0.0	100.0
3	520.0	308.0	47.15447154471545	53.04878048780488	68.83116883116884	31.16883116883117
4	472.0	308.0	52.03252032520326	53.04878048780488	0.0	100.0
5	472.0	308.0	52.03252032520326	53.04878048780488	0.0	100.0
6	472.0	308.0	52.03252032520326	53.04878048780488	0.0	100.0
7	492.0	380.0	50.0	42.073170731707314	78.94736842105263	21.052631578947366
8	480.0	352.0	51.21951219512195	46.34146341463415	96.5909090909091	3.4090909090909087
9	512.0	348.0	47.96747967479675	46.95121951219512	100.0	0.0
10	512.0	348.0	47.96747967479675	46.95121951219512	100.0	0.0
11	512.0	348.0	47.96747967479675	46.95121951219512	100.0	0.0
12	488.0	356.0	50.40650406504065	45.73170731707317	51.68539325842697	48.31460674157304
13	512.0	348.0	47.96747967479675	46.95121951219512	100.0	0.0
14	448.0	340.0	54.47154471544715	48.170731707317074	72.94117647058823	27.058823529411764
15	472.0	308.0	52.03252032520326	53.04878048780488	0.0	100.0
16	472.0	308.0	52.03252032520326	53.04878048780488	0.0	100.0
17	500.0	352.0	49.1869918699187	46.34146341463415	97.72727272727273	2.272727272727273
18	472.0	308.0	52.03252032520326	53.04878048780488	0.0	100.0
19	508.0	348.0	48.3739837398374	46.95121951219512	100.0	0.0
20	456.0	300.0	53.65853658536586	54.268292682926834	1.3333333333333335	98.66666666666667
21	508.0	348.0	48.3739837398374	46.95121951219512	100.0	0.0
22	444.0	360.0	54.87804878048781	45.1219512195122	75.55555555555556	24.444444444444443
23	464.0	340.0	52.84552845528455	48.170731707317074	95.29411764705881	4.705882352941177
24	512.0	348.0	47.96747967479675	46.95121951219512	100.0	0.0
25	488.0	348.0	50.40650406504065	46.95121951219512	32.18390804597701	67.81609195402298
26	512.0	348.0	47.96747967479675	46.95121951219512	100.0	0.0
27	468.0	348.0	52.4390243902439	46.95121951219512	95.40229885057471	4.597701149425287
28	472.0	308.0	52.03252032520326	53.04878048780488	0.0	100.0
29	444.0	344.0	54.87804878048781	47.5609756097561	31.3953488372093	68.6046511627907
30	504.0	352.0	48.78048780487805	46.34146341463415	97.72727272727273	2.272727272727273
31	512.0	348.0	47.96747967479675	46.95121951219512	100.0	0.0
32	444.0	352.0	54.87804878048781	46.34146341463415	71.5909090909091	28.40909090909091
33	480.0	344.0	51.21951219512195	47.5609756097561	96.51162790697676	3.488372093023256
34	444.0	292.0	54.87804878048781	55.487804878048784	5.47945205479452	94.52054794520548
35	456.0	304.0	53.65853658536586	53.65853658536586	2.631578947368421	97.36842105263158
36	424.0	324.0	56.91056910569105	50.609756097560975	67.90123456790124	32.098765432098766
37	444.0	288.0	54.87804878048781	56.09756097560976	2.7777777777777777	97.22222222222221
38	496.0	352.0	49.59349593495935	46.34146341463415	97.72727272727273	2.272727272727273
39	408.0	260.0	58.536585365853654	60.36585365853659	9.230769230769232	90.76923076923077
40	512.0	348.0	47.96747967479675	46.95121951219512	100.0	0.0
41	420.0	316.0	57.3170731707317	51.829268292682926	79.74683544303798	20.253164556962027
42	448.0	292.0	54.47154471544715	55.487804878048784	4.10958904109589	95.8904109589041
43	512.0	348.0	47.96747967479675	46.95121951219512	100.0	0.0
44	484.0	368.0	50.81300813008131	43.90243902439025	80.43478260869566	19.565217391304348
45	404.0	284.0	58.94308943089431	56.70731707317073	23.943661971830984	76.05633802816901
46	440.0	340.0	55.28455284552846	48.170731707317074	90.58823529411765	9.411764705882353
47	460.0	364.0	53.2520325203252	44.51219512195122	91.20879120879121	8.791208791208792
48	472.0	308.0	52.03252032520326	53.04878048780488	0.0	100.0
49	440.0	288.0	55.28455284552846	56.09756097560976	4.166666666666666	95.83333333333334
50	440.0	308.0	55.28455284552846	53.04878048780488	5.194805194805195	94.8051948051948
51	472.0	308.0	52.03252032520326	53.04878048780488	0.0	100.0
52	460.0	364.0	53.2520325203252	44.51219512195122	89.01098901098901	10.989010989010989
53	472.0	308.0	52.03252032520326	53.04878048780488	0.0	100.0
54	444.0	296.0	54.87804878048781	54.87804878048781	22.972972972972975	77.02702702702703
55	468.0	308.0	52.4390243902439	53.04878048780488	0.0	100.0
56	456.0	304.0	53.65853658536586	53.65853658536586	0.0	100.0
57	504.0	348.0	48.78048780487805	46.95121951219512	100.0	0.0
58	424.0	272.0	56.91056910569105	58.536585365853654	4.411764705882353	95.58823529411765
59	392.0	280.0	60.16260162601627	57.3170731707317	17.142857142857142	82.85714285714286
60	468.0	308.0	52.4390243902439	53.04878048780488	0.0	100.0
61	504.0	356.0	48.78048780487805	45.73170731707317	97.75280898876404	2.247191011235955
62	460.0	304.0	53.2520325203252	53.65853658536586	0.0	100.0
63	496.0	352.0	49.59349593495935	46.34146341463415	97.72727272727273	2.272727272727273
64	512.0	348.0	47.96747967479675	46.95121951219512	100.0	0.0
65	472.0	308.0	52.03252032520326	53.04878048780488	0.0	100.0
66	404.0	272.0	58.94308943089431	58.536585365853654	42.64705882352941	57.35294117647059
67	440.0	292.0	55.28455284552846	55.487804878048784	2.73972602739726	97.26027397260275
68	404.0	300.0	58.94308943089431	54.268292682926834	56.00000000000001	44.0
69	468.0	308.0	52.4390243902439	53.04878048780488	0.0	100.0
70	420.0	304.0	57.3170731707317	53.65853658536586	18.421052631578945	81.57894736842105
71	496.0	352.0	49.59349593495935	46.34146341463415	97.72727272727273	2.272727272727273
72	464.0	308.0	52.84552845528455	53.04878048780488	0.0	100.0
73	432.0	292.0	56.09756097560976	55.487804878048784	4.10958904109589	95.8904109589041
74	432.0	332.0	56.09756097560976	49.390243902439025	89.1566265060241	10.843373493975903
75	432.0	300.0	56.09756097560976	54.268292682926834	58.666666666666664	41.333333333333336
76	484.0	352.0	50.81300813008131	46.34146341463415	96.5909090909091	3.4090909090909087
77	412.0	316.0	58.13008130081301	51.829268292682926	36.708860759493675	63.29113924050633
78	456.0	304.0	53.65853658536586	53.65853658536586	0.0	100.0
79	416.0	268.0	57.72357723577236	59.14634146341463	2.9850746268656714	97.01492537313433
80	468.0	308.0	52.4390243902439	53.04878048780488	0.0	100.0
81	508.0	348.0	48.3739837398374	46.95121951219512	100.0	0.0
82	508.0	356.0	48.3739837398374	45.73170731707317	97.75280898876404	2.247191011235955
83	436.0	296.0	55.6910569105691	54.87804878048781	4.054054054054054	95.94594594594594
84	440.0	288.0	55.28455284552846	56.09756097560976	2.7777777777777777	97.22222222222221
85	512.0	348.0	47.96747967479675	46.95121951219512	100.0	0.0
86	432.0	316.0	56.09756097560976	51.829268292682926	13.924050632911392	86.07594936708861
87	412.0	304.0	58.13008130081301	53.65853658536586	28.947368421052634	71.05263157894737
88	452.0	292.0	54.0650406504065	55.487804878048784	2.73972602739726	97.26027397260275
89	504.0	352.0	48.78048780487805	46.34146341463415	98.86363636363636	1.1363636363636365
90	368.0	280.0	62.601626016260155	57.3170731707317	52.85714285714286	47.14285714285714
91	436.0	292.0	55.6910569105691	55.487804878048784	2.73972602739726	97.26027397260275
92	456.0	300.0	53.65853658536586	54.268292682926834	32.0	68.0
93	440.0	328.0	55.28455284552846	50.0	71.95121951219512	28.04878048780488
94	456.0	304.0	53.65853658536586	53.65853658536586	0.0	100.0
95	412.0	272.0	58.13008130081301	58.536585365853654	23.52941176470588	76.47058823529412
96	468.0	308.0	52.4390243902439	53.04878048780488	0.0	100.0
97	512.0	348.0	47.96747967479675	46.95121951219512	100.0	0.0
98	380.0	300.0	61.382113821138205	54.268292682926834	28.000000000000004	72.0
99	472.0	308.0	52.03252032520326	53.04878048780488	0.0	100.0
100	448.0	316.0	54.47154471544715	51.829268292682926	86.07594936708861	13.924050632911392
101	452.0	332.0	54.0650406504065	49.390243902439025	89.1566265060241	10.843373493975903
102	440.0	312.0	55.28455284552846	52.4390243902439	11.538461538461538	88.46153846153845
103	400.0	292.0	59.34959349593496	55.487804878048784	60.273972602739725	39.726027397260275
104	512.0	348.0	47.96747967479675	46.95121951219512	100.0	0.0
105	512.0	348.0	47.96747967479675	46.95121951219512	100.0	0.0
106	448.0	292.0	54.47154471544715	55.487804878048784	79.45205479452055	20.54794520547945
107	468.0	308.0	52.4390243902439	53.04878048780488	0.0	100.0
108	456.0	304.0	53.65853658536586	53.65853658536586	0.0	100.0
109	472.0	308.0	52.03252032520326	53.04878048780488	0.0	100.0
110	456.0	296.0	53.65853658536586	54.87804878048781	2.7027027027027026	97.2972972972973
111	436.0	292.0	55.6910569105691	55.487804878048784	1.36986301369863	98.63013698630137
112	456.0	304.0	53.65853658536586	53.65853658536586	0.0	100.0
113	432.0	288.0	56.09756097560976	56.09756097560976	8.333333333333332	91.66666666666666
114	380.0	288.0	61.382113821138205	56.09756097560976	62.5	37.5
115	424.0	312.0	56.91056910569105	52.4390243902439	85.8974358974359	14.102564102564102
116	424.0	292.0	56.91056910569105	55.487804878048784	39.726027397260275	60.273972602739725
117	344.0	268.0	65.04065040650406	59.14634146341463	40.298507462686565	59.70149253731343
118	356.0	280.0	63.82113821138211	57.3170731707317	45.714285714285715	54.285714285714285
119	428.0	320.0	56.50406504065041	51.21951219512195	16.25	83.75
120	436.0	280.0	55.6910569105691	57.3170731707317	2.857142857142857	97.14285714285714
121	420.0	300.0	57.3170731707317	54.268292682926834	29.333333333333332	70.66666666666667
122	364.0	304.0	63.00813008130082	53.65853658536586	76.31578947368422	23.684210526315788
123	512.0	348.0	47.96747967479675	46.95121951219512	100.0	0.0
124	364.0	252.0	63.00813008130082	61.58536585365854	47.61904761904761	52.38095238095239
125	472.0	308.0	52.03252032520326	53.04878048780488	0.0	100.0
126	504.0	352.0	48.78048780487805	46.34146341463415	97.72727272727273	2.272727272727273
127	400.0	260.0	59.34959349593496	60.36585365853659	23.076923076923077	76.92307692307693
128	408.0	296.0	58.536585365853654	54.87804878048781	85.13513513513513	14.864864864864865
129	456.0	304.0	53.65853658536586	53.65853658536586	0.0	100.0
130	512.0	348.0	47.96747967479675	46.95121951219512	100.0	0.0
131	472.0	308.0	52.03252032520326	53.04878048780488	0.0	100.0
132	504.0	352.0	48.78048780487805	46.34146341463415	97.72727272727273	2.272727272727273
133	344.0	248.0	65.04065040650406	62.19512195121951	48.38709677419355	51.61290322580645
134	436.0	296.0	55.6910569105691	54.87804878048781	0.0	100.0
135	372.0	268.0	62.19512195121951	59.14634146341463	52.23880597014925	47.76119402985074
136	496.0	356.0	49.59349593495935	45.73170731707317	96.62921348314607	3.3707865168539324
137	440.0	292.0	55.28455284552846	55.487804878048784	2.73972602739726	97.26027397260275
138	360.0	280.0	63.41463414634146	57.3170731707317	55.714285714285715	44.285714285714285
139	452.0	304.0	54.0650406504065	53.65853658536586	0.0	100.0
140	436.0	288.0	55.6910569105691	56.09756097560976	2.7777777777777777	97.22222222222221
141	440.0	288.0	55.28455284552846	56.09756097560976	0.0	100.0
142	504.0	352.0	48.78048780487805	46.34146341463415	97.72727272727273	2.272727272727273
143	512.0	348.0	47.96747967479675	46.95121951219512	100.0	0.0
144	364.0	280.0	63.00813008130082	57.3170731707317	60.0	40.0
145	384.0	284.0	60.97560975609756	56.70731707317073	36.61971830985916	63.38028169014085
146	436.0	304.0	55.6910569105691	53.65853658536586	89.47368421052632	10.526315789473683
147	352.0	264.0	64.22764227642277	59.756097560975604	53.03030303030303	46.96969696969697
148	508.0	352.0	48.3739837398374	46.34146341463415	98.86363636363636	1.1363636363636365
149	512.0	348.0	47.96747967479675	46.95121951219512	100.0	0.0
150	500.0	352.0	49.1869918699187	46.34146341463415	97.72727272727273	2.272727272727273
151	468.0	308.0	52.4390243902439	53.04878048780488	0.0	100.0
152	440.0	292.0	55.28455284552846	55.487804878048784	2.73972602739726	97.26027397260275
153	456.0	304.0	53.65853658536586	53.65853658536586	0.0	100.0
154	468.0	372.0	52.4390243902439	43.292682926829265	81.72043010752688	18.27956989247312
155	492.0	364.0	50.0	44.51219512195122	87.91208791208791	12.087912087912088
156	360.0	284.0	63.41463414634146	56.70731707317073	50.70422535211267	49.29577464788733
157	508.0	348.0	48.3739837398374	46.95121951219512	100.0	0.0
158	436.0	340.0	55.6910569105691	48.170731707317074	85.88235294117646	14.117647058823529
159	512.0	348.0	47.96747967479675	46.95121951219512	100.0	0.0
160	476.0	360.0	51.6260162601626	45.1219512195122	87.77777777777777	12.222222222222221
161	440.0	276.0	55.28455284552846	57.92682926829268	0.0	100.0
162	356.0	260.0	63.82113821138211	60.36585365853659	73.84615384615385	26.153846153846157
163	464.0	304.0	52.84552845528455	53.65853658536586	0.0	100.0
164	476.0	364.0	51.6260162601626	44.51219512195122	93.4065934065934	6.593406593406594
165	472.0	308.0	52.03252032520326	53.04878048780488	0.0	100.0
166	372.0	280.0	62.19512195121951	57.3170731707317	31.428571428571427	68.57142857142857
167	336.0	284.0	65.85365853658537	56.70731707317073	67.6056338028169	32.3943661971831
168	452.0	296.0	54.0650406504065	54.87804878048781	0.0	100.0
169	412.0	280.0	58.13008130081301	57.3170731707317	11.428571428571429	88.57142857142857
170	396.0	284.0	59.756097560975604	56.70731707317073	81.69014084507043	18.30985915492958
171	344.0	284.0	65.04065040650406	56.70731707317073	53.52112676056338	46.478873239436616
172	448.0	292.0	54.47154471544715	55.487804878048784	0.0	100.0
173	432.0	276.0	56.09756097560976	57.92682926829268	0.0	100.0
174	396.0	280.0	59.756097560975604	57.3170731707317	80.0	20.0
175	456.0	304.0	53.65853658536586	53.65853658536586	0.0	100.0
176	420.0	252.0	57.3170731707317	61.58536585365854	6.349206349206349	93.65079365079364
177	508.0	352.0	48.3739837398374	46.34146341463415	98.86363636363636	1.1363636363636365
178	500.0	352.0	49.1869918699187	46.34146341463415	97.72727272727273	2.272727272727273
179	496.0	352.0	49.59349593495935	46.34146341463415	97.72727272727273	2.272727272727273
180	484.0	364.0	50.81300813008131	44.51219512195122	83.51648351648352	16.483516483516482
181	472.0	308.0	52.03252032520326	53.04878048780488	0.0	100.0
182	504.0	352.0	48.78048780487805	46.34146341463415	97.72727272727273	2.272727272727273
183	396.0	284.0	59.756097560975604	56.70731707317073	21.12676056338028	78.87323943661971
184	472.0	308.0	52.03252032520326	53.04878048780488	0.0	100.0
185	436.0	276.0	55.6910569105691	57.92682926829268	0.0	100.0
186	484.0	356.0	50.81300813008131	45.73170731707317	94.3820224719101	5.617977528089887
187	444.0	284.0	54.87804878048781	56.70731707317073	0.0	100.0
188	384.0	276.0	60.97560975609756	57.92682926829268	59.42028985507246	40.57971014492754
189	464.0	304.0	52.84552845528455	53.65853658536586	0.0	100.0
190	504.0	352.0	48.78048780487805	46.34146341463415	97.72727272727273	2.272727272727273
191	472.0	308.0	52.03252032520326	53.04878048780488	0.0	100.0
192	444.0	292.0	54.87804878048781	55.487804878048784	2.73972602739726	97.26027397260275
193	512.0	348.0	47.96747967479675	46.95121951219512	100.0	0.0
194	500.0	356.0	49.1869918699187	45.73170731707317	96.62921348314607	3.3707865168539324
195	452.0	304.0	54.0650406504065	53.65853658536586	0.0	100.0
196	492.0	360.0	50.0	45.1219512195122	93.33333333333333	6.666666666666667
197	416.0	260.0	57.72357723577236	60.36585365853659	6.153846153846154	93.84615384615384
198	452.0	296.0	54.0650406504065	54.87804878048781	0.0	100.0
199	428.0	340.0	56.50406504065041	48.170731707317074	77.64705882352942	22.35294117647059
200	496.0	352.0	49.59349593495935	46.34146341463415	97.72727272727273	2.272727272727273
201	512.0	348.0	47.96747967479675	46.95121951219512	100.0	0.0
202	428.0	264.0	56.50406504065041	59.756097560975604	3.0303030303030303	96.96969696969697
203	472.0	308.0	52.03252032520326	53.04878048780488	0.0	100.0
204	508.0	352.0	48.3739837398374	46.34146341463415	98.86363636363636	1.1363636363636365
205	356.0	280.0	63.82113821138211	57.3170731707317	38.57142857142858	61.42857142857143
206	440.0	292.0	55.28455284552846	55.487804878048784	4.10958904109589	95.8904109589041
207	448.0	344.0	54.47154471544715	47.5609756097561	88.37209302325581	11.627906976744185
208	504.0	352.0	48.78048780487805	46.34146341463415	97.72727272727273	2.272727272727273
209	504.0	352.0	48.78048780487805	46.34146341463415	97.72727272727273	2.272727272727273
210	368.0	272.0	62.601626016260155	58.536585365853654	50.0	50.0
211	340.0	284.0	65.4471544715447	56.70731707317073	70.4225352112676	29.577464788732392
212	352.0	264.0	64.22764227642277	59.756097560975604	48.484848484848484	51.515151515151516
213	440.0	276.0	55.28455284552846	57.92682926829268	0.0	100.0
214	508.0	352.0	48.3739837398374	46.34146341463415	98.86363636363636	1.1363636363636365
215	492.0	352.0	50.0	46.34146341463415	96.5909090909091	3.4090909090909087
216	500.0	352.0	49.1869918699187	46.34146341463415	97.72727272727273	2.272727272727273
217	456.0	304.0	53.65853658536586	53.65853658536586	0.0	100.0
218	472.0	308.0	52.03252032520326	53.04878048780488	0.0	100.0
219	408.0	312.0	58.536585365853654	52.4390243902439	87.17948717948718	12.82051282051282
220	468.0	348.0	52.4390243902439	46.95121951219512	96.55172413793103	3.4482758620689653
221	444.0	292.0	54.87804878048781	55.487804878048784	2.73972602739726	97.26027397260275
222	372.0	284.0	62.19512195121951	56.70731707317073	39.436619718309856	60.56338028169014
223	504.0	352.0	48.78048780487805	46.34146341463415	97.72727272727273	2.272727272727273
224	504.0	352.0	48.78048780487805	46.34146341463415	97.72727272727273	2.272727272727273
225	476.0	344.0	51.6260162601626	47.5609756097561	95.34883720930233	4.651162790697675
226	496.0	352.0	49.59349593495935	46.34146341463415	97.72727272727273	2.272727272727273
227	400.0	292.0	59.34959349593496	55.487804878048784	73.97260273972603	26.027397260273972
228	432.0	288.0	56.09756097560976	56.09756097560976	2.7777777777777777	97.22222222222221
229	504.0	352.0	48.78048780487805	46.34146341463415	97.72727272727273	2.272727272727273
230	416.0	296.0	57.72357723577236	54.87804878048781	85.13513513513513	14.864864864864865
231	396.0	324.0	59.756097560975604	50.609756097560975	72.8395061728395	27.160493827160494
232	472.0	308.0	52.03252032520326	53.04878048780488	0.0	100.0
233	504.0	352.0	48.78048780487805	46.34146341463415	97.72727272727273	2.272727272727273
234	332.0	260.0	66.26016260162602	60.36585365853659	63.07692307692307	36.92307692307693
235	448.0	292.0	54.47154471544715	55.487804878048784	2.73972602739726	97.26027397260275
236	408.0	276.0	58.536585365853654	57.92682926829268	14.492753623188406	85.5072463768116
237	448.0	280.0	54.47154471544715	57.3170731707317	0.0	100.0
238	376.0	280.0	61.78861788617886	57.3170731707317	22.857142857142858	77.14285714285715
239	496.0	356.0	49.59349593495935	45.73170731707317	96.62921348314607	3.3707865168539324
240	408.0	256.0	58.536585365853654	60.97560975609756	4.6875	95.3125
241	472.0	352.0	52.03252032520326	46.34146341463415	95.45454545454545	4.545454545454546
242	452.0	296.0	54.0650406504065	54.87804878048781	0.0	100.0
243	348.0	268.0	64.63414634146342	59.14634146341463	35.82089552238806	64.17910447761194
244	384.0	272.0	60.97560975609756	58.536585365853654	25.0	75.0
245	344.0	264.0	65.04065040650406	59.756097560975604	50.0	50.0
246	464.0	304.0	52.84552845528455	53.65853658536586	0.0	100.0
247	504.0	352.0	48.78048780487805	46.34146341463415	97.72727272727273	2.272727272727273
248	508.0	352.0	48.3739837398374	46.34146341463415	98.86363636363636	1.1363636363636365
249	424.0	256.0	56.91056910569105	60.97560975609756	3.125	96.875
250	500.0	352.0	49.1869918699187	46.34146341463415	96.5909090909091	3.4090909090909087
251	456.0	344.0	53.65853658536586	47.5609756097561	90.69767441860465	9.30232558139535
252	500.0	352.0	49.1869918699187	46.34146341463415	97.72727272727273	2.272727272727273
253	360.0	284.0	63.41463414634146	56.70731707317073	80.28169014084507	19.718309859154928
254	412.0	264.0	58.13008130081301	59.756097560975604	13.636363636363635	86.36363636363636
255	348.0	256.0	64.63414634146342	60.97560975609756	53.125	46.875
256	424.0	264.0	56.91056910569105	59.756097560975604	3.0303030303030303	96.96969696969697
257	436.0	308.0	55.6910569105691	53.04878048780488	79.22077922077922	20.77922077922078
258	508.0	352.0	48.3739837398374	46.34146341463415	98.86363636363636	1.1363636363636365
259	428.0	312.0	56.50406504065041	52.4390243902439	91.02564102564102	8.974358974358974
260	484.0	348.0	50.81300813008131	46.95121951219512	96.55172413793103	3.4482758620689653
261	508.0	352.0	48.3739837398374	46.34146341463415	98.86363636363636	1.1363636363636365
262	432.0	344.0	56.09756097560976	47.5609756097561	88.37209302325581	11.627906976744185
263	496.0	356.0	49.59349593495935	45.73170731707317	96.62921348314607	3.3707865168539324
264	488.0	352.0	50.40650406504065	46.34146341463415	96.5909090909091	3.4090909090909087
265	508.0	356.0	48.3739837398374	45.73170731707317	97.75280898876404	2.247191011235955
266	468.0	308.0	52.4390243902439	53.04878048780488	0.0	100.0
267	504.0	352.0	48.78048780487805	46.34146341463415	97.72727272727273	2.272727272727273
268	388.0	276.0	60.56910569105691	57.92682926829268	18.84057971014493	81.15942028985508
269	504.0	352.0	48.78048780487805	46.34146341463415	97.72727272727273	2.272727272727273
270	452.0	296.0	54.0650406504065	54.87804878048781	0.0	100.0
271	376.0	260.0	61.78861788617886	60.36585365853659	75.38461538461539	24.615384615384617
272	416.0	256.0	57.72357723577236	60.97560975609756	3.125	96.875
273	440.0	280.0	55.28455284552846	57.3170731707317	2.857142857142857	97.14285714285714
274	448.0	344.0	54.47154471544715	47.5609756097561	96.51162790697676	3.488372093023256
275	424.0	284.0	56.91056910569105	56.70731707317073	7.042253521126761	92.95774647887323
276	404.0	260.0	58.94308943089431	60.36585365853659	10.76923076923077	89.23076923076924
277	348.0	268.0	64.63414634146342	59.14634146341463	73.13432835820896	26.865671641791046
278	492.0	348.0	50.0	46.95121951219512	96.55172413793103	3.4482758620689653
279	496.0	352.0	49.59349593495935	46.34146341463415	96.5909090909091	3.4090909090909087
280	392.0	260.0	60.16260162601627	60.36585365853659	81.53846153846153	18.461538461538463
281	408.0	300.0	58.536585365853654	54.268292682926834	86.66666666666667	13.333333333333334
282	336.0	268.0	65.85365853658537	59.14634146341463	49.25373134328358	50.74626865671642
283	472.0	356.0	52.03252032520326	45.73170731707317	95.50561797752809	4.49438202247191
284	356.0	260.0	63.82113821138211	60.36585365853659	44.61538461538462	55.38461538461539
285	500.0	352.0	49.1869918699187	46.34146341463415	97.72727272727273	2.272727272727273
286	424.0	320.0	56.91056910569105	51.21951219512195	88.75	11.25
287	476.0	348.0	51.6260162601626	46.95121951219512	95.40229885057471	4.597701149425287
288	448.0	340.0	54.47154471544715	48.170731707317074	94.11764705882352	5.88235294117647
289	392.0	308.0	60.16260162601627	53.04878048780488	85.71428571428571	14.285714285714285
290	464.0	304.0	52.84552845528455	53.65853658536586	0.0	100.0
291	396.0	292.0	59.756097560975604	55.487804878048784	83.56164383561644	16.43835616438356
292	432.0	292.0	56.09756097560976	55.487804878048784	2.73972602739726	97.26027397260275
293	356.0	272.0	63.82113821138211	58.536585365853654	25.0	75.0
294	400.0	292.0	59.34959349593496	55.487804878048784	13.698630136986301	86.3013698630137
295	504.0	352.0	48.78048780487805	46.34146341463415	97.72727272727273	2.272727272727273
296	448.0	292.0	54.47154471544715	55.487804878048784	0.0	100.0
297	340.0	268.0	65.4471544715447	59.14634146341463	64.17910447761194	35.82089552238806
298	336.0	268.0	65.85365853658537	59.14634146341463	71.64179104477611	28.35820895522388
299	372.0	280.0	62.19512195121951	57.3170731707317	32.857142857142854	67.14285714285714
300	360.0	264.0	63.41463414634146	59.756097560975604	36.36363636363637	63.63636363636363
301	332.0	248.0	66.26016260162602	62.19512195121951	43.54838709677419	56.451612903225815
302	340.0	272.0	65.4471544715447	58.536585365853654	44.11764705882353	55.88235294117647
303	352.0	244.0	64.22764227642277	62.80487804878049	73.77049180327869	26.229508196721312
304	388.0	272.0	60.56910569105691	58.536585365853654	20.588235294117645	79.41176470588235
305	472.0	340.0	52.03252032520326	48.170731707317074	95.29411764705881	4.705882352941177
306	364.0	236.0	63.00813008130082	64.02439024390245	66.10169491525424	33.89830508474576
307	496.0	352.0	49.59349593495935	46.34146341463415	97.72727272727273	2.272727272727273
308	416.0	264.0	57.72357723577236	59.756097560975604	3.0303030303030303	96.96969696969697
309	448.0	288.0	54.47154471544715	56.09756097560976	0.0	100.0
310	428.0	268.0	56.50406504065041	59.14634146341463	0.0	100.0
311	408.0	276.0	58.536585365853654	57.92682926829268	11.594202898550725	88.40579710144928
312	508.0	352.0	48.3739837398374	46.34146341463415	98.86363636363636	1.1363636363636365
313	360.0	244.0	63.41463414634146	62.80487804878049	72.1311475409836	27.86885245901639
314	440.0	296.0	55.28455284552846	54.87804878048781	2.7027027027027026	97.2972972972973
315	412.0	264.0	58.13008130081301	59.756097560975604	10.606060606060606	89.39393939393939
316	344.0	244.0	65.04065040650406	62.80487804878049	57.377049180327866	42.62295081967213
317	468.0	352.0	52.4390243902439	46.34146341463415	95.45454545454545	4.545454545454546
318	508.0	352.0	48.3739837398374	46.34146341463415	97.72727272727273	2.272727272727273
319	392.0	280.0	60.16260162601627	57.3170731707317	18.571428571428573	81.42857142857143
320	360.0	264.0	63.41463414634146	59.756097560975604	48.484848484848484	51.515151515151516
321	456.0	300.0	53.65853658536586	54.268292682926834	0.0	100.0
322	288.0	240.0	70.73170731707317	63.41463414634146	63.33333333333333	36.666666666666664
323	420.0	276.0	57.3170731707317	57.92682926829268	8.695652173913043	91.30434782608695
324	332.0	252.0	66.26016260162602	61.58536585365854	52.38095238095239	47.61904761904761
325	380.0	260.0	61.382113821138205	60.36585365853659	23.076923076923077	76.92307692307693
326	368.0	260.0	62.601626016260155	60.36585365853659	27.692307692307693	72.3076923076923
327	408.0	328.0	58.536585365853654	50.0	87.8048780487805	12.195121951219512
328	492.0	352.0	50.0	46.34146341463415	96.5909090909091	3.4090909090909087
329	392.0	280.0	60.16260162601627	57.3170731707317	17.142857142857142	82.85714285714286
330	344.0	268.0	65.04065040650406	59.14634146341463	76.11940298507463	23.88059701492537
331	460.0	284.0	53.2520325203252	56.70731707317073	0.0	100.0
332	440.0	268.0	55.28455284552846	59.14634146341463	0.0	100.0
333	396.0	276.0	59.756097560975604	57.92682926829268	20.28985507246377	79.71014492753623
334	428.0	324.0	56.50406504065041	50.609756097560975	87.65432098765432	12.345679012345679
335	340.0	272.0	65.4471544715447	58.536585365853654	35.294117647058826	64.70588235294117
336	344.0	244.0	65.04065040650406	62.80487804878049	54.09836065573771	45.90163934426229
337	416.0	300.0	57.72357723577236	54.268292682926834	80.0	20.0
338	464.0	304.0	52.84552845528455	53.65853658536586	0.0	100.0
339	468.0	308.0	52.4390243902439	53.04878048780488	0.0	100.0
340	500.0	352.0	49.1869918699187	46.34146341463415	97.72727272727273	2.272727272727273
341	396.0	292.0	59.756097560975604	55.487804878048784	19.17808219178082	80.82191780821918
342	488.0	352.0	50.40650406504065	46.34146341463415	96.5909090909091	3.4090909090909087
343	428.0	308.0	56.50406504065041	53.04878048780488	80.51948051948052	19.480519480519483
344	496.0	352.0	49.59349593495935	46.34146341463415	97.72727272727273	2.272727272727273
345	496.0	352.0	49.59349593495935	46.34146341463415	96.5909090909091	3.4090909090909087
346	340.0	248.0	65.4471544715447	62.19512195121951	75.80645161290323	24.193548387096776
347	404.0	280.0	58.94308943089431	57.3170731707317	14.285714285714285	85.71428571428571
348	468.0	308.0	52.4390243902439	53.04878048780488	0.0	100.0
349	460.0	336.0	53.2520325203252	48.78048780487805	96.42857142857143	3.571428571428571
350	344.0	240.0	65.04065040650406	63.41463414634146	43.333333333333336	56.666666666666664
351	496.0	348.0	49.59349593495935	46.95121951219512	97.70114942528735	2.2988505747126435
352	496.0	348.0	49.59349593495935	46.95121951219512	97.70114942528735	2.2988505747126435
353	468.0	308.0	52.4390243902439	53.04878048780488	0.0	100.0
354	388.0	284.0	60.56910569105691	56.70731707317073	28.169014084507044	71.83098591549296
355	456.0	304.0	53.65853658536586	53.65853658536586	0.0	100.0
356	508.0	352.0	48.3739837398374	46.34146341463415	97.72727272727273	2.272727272727273
357	376.0	280.0	61.78861788617886	57.3170731707317	27.142857142857142	72.85714285714285
358	420.0	264.0	57.3170731707317	59.756097560975604	10.606060606060606	89.39393939393939
359	392.0	288.0	60.16260162601627	56.09756097560976	25.0	75.0
360	416.0	256.0	57.72357723577236	60.97560975609756	3.125	96.875
361	380.0	276.0	61.382113821138205	57.92682926829268	36.231884057971016	63.76811594202898
362	500.0	356.0	49.1869918699187	45.73170731707317	96.62921348314607	3.3707865168539324
363	448.0	296.0	54.47154471544715	54.87804878048781	0.0	100.0
364	336.0	268.0	65.85365853658537	59.14634146341463	61.19402985074627	38.80597014925373
365	376.0	256.0	61.78861788617886	60.97560975609756	18.75	81.25
366	508.0	356.0	48.3739837398374	45.73170731707317	97.75280898876404	2.247191011235955
367	496.0	352.0	49.59349593495935	46.34146341463415	97.72727272727273	2.272727272727273
368	364.0	284.0	63.00813008130082	56.70731707317073	30.985915492957744	69.01408450704226
369	464.0	348.0	52.84552845528455	46.95121951219512	96.55172413793103	3.4482758620689653
370	436.0	296.0	55.6910569105691	54.87804878048781	4.054054054054054	95.94594594594594
371	444.0	288.0	54.87804878048781	56.09756097560976	0.0	100.0
372	452.0	296.0	54.0650406504065	54.87804878048781	0.0	100.0
373	336.0	248.0	65.85365853658537	62.19512195121951	51.61290322580645	48.38709677419355
374	412.0	272.0	58.13008130081301	58.536585365853654	8.823529411764707	91.17647058823529
375	508.0	352.0	48.3739837398374	46.34146341463415	97.72727272727273	2.272727272727273
376	396.0	288.0	59.756097560975604	56.09756097560976	12.5	87.5
377	344.0	256.0	65.04065040650406	60.97560975609756	32.8125	67.1875
378	412.0	280.0	58.13008130081301	57.3170731707317	11.428571428571429	88.57142857142857
379	488.0	348.0	50.40650406504065	46.95121951219512	96.55172413793103	3.4482758620689653
380	468.0	308.0	52.4390243902439	53.04878048780488	0.0	100.0
381	460.0	344.0	53.2520325203252	47.5609756097561	96.51162790697676	3.488372093023256
382	344.0	268.0	65.04065040650406	59.14634146341463	62.68656716417911	37.3134328358209
383	376.0	268.0	61.78861788617886	59.14634146341463	22.388059701492537	77.61194029850746
384	448.0	280.0	54.47154471544715	57.3170731707317	0.0	100.0
385	336.0	252.0	65.85365853658537	61.58536585365854	53.96825396825397	46.03174603174603
386	504.0	352.0	48.78048780487805	46.34146341463415	97.72727272727273	2.272727272727273
387	424.0	252.0	56.91056910569105	61.58536585365854	3.1746031746031744	96.82539682539682
388	440.0	304.0	55.28455284552846	53.65853658536586	9.210526315789473	90.78947368421053
389	444.0	344.0	54.87804878048781	47.5609756097561	94.18604651162791	5.813953488372093
390	400.0	292.0	59.34959349593496	55.487804878048784	82.1917808219178	17.80821917808219
391	360.0	268.0	63.41463414634146	59.14634146341463	83.5820895522388	16.417910447761194
392	416.0	260.0	57.72357723577236	60.36585365853659	6.153846153846154	93.84615384615384
393	448.0	292.0	54.47154471544715	55.487804878048784	0.0	100.0
394	408.0	320.0	58.536585365853654	51.21951219512195	88.75	11.25
395	408.0	280.0	58.536585365853654	57.3170731707317	14.285714285714285	85.71428571428571
396	368.0	272.0	62.601626016260155	58.536585365853654	82.35294117647058	17.647058823529413
397	508.0	356.0	48.3739837398374	45.73170731707317	97.75280898876404	2.247191011235955
398	432.0	344.0	56.09756097560976	47.5609756097561	95.34883720930233	4.651162790697675
399	384.0	260.0	60.97560975609756	60.36585365853659	80.0	20.0
400	376.0	256.0	61.78861788617886	60.97560975609756	10.9375	89.0625
401	436.0	340.0	55.6910569105691	48.170731707317074	95.29411764705881	4.705882352941177
402	504.0	352.0	48.78048780487805	46.34146341463415	97.72727272727273	2.272727272727273
403	456.0	304.0	53.65853658536586	53.65853658536586	0.0	100.0
404	396.0	256.0	59.756097560975604	60.97560975609756	7.8125	92.1875
405	484.0	348.0	50.81300813008131	46.95121951219512	96.55172413793103	3.4482758620689653
406	400.0	284.0	59.34959349593496	56.70731707317073	85.91549295774648	14.084507042253522
407	336.0	244.0	65.85365853658537	62.80487804878049	55.73770491803278	44.26229508196721
408	344.0	268.0	65.04065040650406	59.14634146341463	62.68656716417911	37.3134328358209
409	496.0	352.0	49.59349593495935	46.34146341463415	97.72727272727273	2.272727272727273
410	340.0	264.0	65.4471544715447	59.756097560975604	27.27272727272727	72.72727272727273
411	372.0	276.0	62.19512195121951	57.92682926829268	82.6086956521739	17.391304347826086
412	440.0	276.0	55.28455284552846	57.92682926829268	0.0	100.0
413	328.0	256.0	66.66666666666666	60.97560975609756	60.9375	39.0625
414	400.0	296.0	59.34959349593496	54.87804878048781	85.13513513513513	14.864864864864865
415	388.0	288.0	60.56910569105691	56.09756097560976	79.16666666666666	20.833333333333336
416	504.0	352.0	48.78048780487805	46.34146341463415	97.72727272727273	2.272727272727273
417	416.0	264.0	57.72357723577236	59.756097560975604	12.121212121212121	87.87878787878788
418	468.0	308.0	52.4390243902439	53.04878048780488	0.0	100.0
419	420.0	344.0	57.3170731707317	47.5609756097561	90.69767441860465	9.30232558139535
420	412.0	288.0	58.13008130081301	56.09756097560976	23.61111111111111	76.38888888888889
421	508.0	352.0	48.3739837398374	46.34146341463415	98.86363636363636	1.1363636363636365
422	352.0	248.0	64.22764227642277	62.19512195121951	38.70967741935484	61.29032258064516
423	464.0	304.0	52.84552845528455	53.65853658536586	0.0	100.0
424	400.0	308.0	59.34959349593496	53.04878048780488	88.31168831168831	11.688311688311687
425	460.0	304.0	53.2520325203252	53.65853658536586	0.0	100.0
426	432.0	344.0	56.09756097560976	47.5609756097561	93.02325581395348	6.976744186046512
427	444.0	288.0	54.87804878048781	56.09756097560976	0.0	100.0
428	348.0	244.0	64.63414634146342	62.80487804878049	21.311475409836063	78.68852459016394
429	508.0	356.0	48.3739837398374	45.73170731707317	97.75280898876404	2.247191011235955
430	488.0	348.0	50.40650406504065	46.95121951219512	96.55172413793103	3.4482758620689653
431	436.0	324.0	55.6910569105691	50.609756097560975	93.82716049382715	6.172839506172839
432	392.0	256.0	60.16260162601627	60.97560975609756	75.0	25.0
433	316.0	240.0	67.88617886178862	63.41463414634146	51.66666666666667	48.333333333333336
434	388.0	260.0	60.56910569105691	60.36585365853659	3.076923076923077	96.92307692307692
435	448.0	292.0	54.47154471544715	55.487804878048784	0.0	100.0
436	508.0	352.0	48.3739837398374	46.34146341463415	98.86363636363636	1.1363636363636365
437	380.0	272.0	61.382113821138205	58.536585365853654	19.11764705882353	80.88235294117648
438	452.0	292.0	54.0650406504065	55.487804878048784	0.0	100.0
439	512.0	352.0	47.96747967479675	46.34146341463415	98.86363636363636	1.1363636363636365
440	492.0	356.0	50.0	45.73170731707317	96.62921348314607	3.3707865168539324
441	452.0	300.0	54.0650406504065	54.268292682926834	2.666666666666667	97.33333333333334
442	456.0	304.0	53.65853658536586	53.65853658536586	0.0	100.0
443	300.0	264.0	69.51219512195121	59.756097560975604	43.93939393939394	56.060606060606055
444	324.0	240.0	67.07317073170732	63.41463414634146	61.66666666666667	38.333333333333336
445	428.0	272.0	56.50406504065041	58.536585365853654	5.88235294117647	94.11764705882352
446	508.0	356.0	48.3739837398374	45.73170731707317	97.75280898876404	2.247191011235955
447	476.0	348.0	51.6260162601626	46.95121951219512	95.40229885057471	4.597701149425287
448	496.0	352.0	49.59349593495935	46.34146341463415	97.72727272727273	2.272727272727273
449	452.0	344.0	54.0650406504065	47.5609756097561	95.34883720930233	4.651162790697675
450	336.0	248.0	65.85365853658537	62.19512195121951	62.903225806451616	37.096774193548384
451	412.0	272.0	58.13008130081301	58.536585365853654	16.176470588235293	83.82352941176471
452	412.0	264.0	58.13008130081301	59.756097560975604	4.545454545454546	95.45454545454545
453	416.0	276.0	57.72357723577236	57.92682926829268	7.246376811594203	92.7536231884058
454	496.0	348.0	49.59349593495935	46.95121951219512	97.70114942528735	2.2988505747126435
455	424.0	260.0	56.91056910569105	60.36585365853659	0.0	100.0
456	420.0	280.0	57.3170731707317	57.3170731707317	4.285714285714286	95.71428571428572
457	496.0	348.0	49.59349593495935	46.95121951219512	96.55172413793103	3.4482758620689653
458	496.0	352.0	49.59349593495935	46.34146341463415	97.72727272727273	2.272727272727273
459	488.0	344.0	50.40650406504065	47.5609756097561	96.51162790697676	3.488372093023256
460	432.0	272.0	56.09756097560976	58.536585365853654	0.0	100.0
461	432.0	268.0	56.09756097560976	59.14634146341463	0.0	100.0
462	356.0	256.0	63.82113821138211	60.97560975609756	68.75	31.25
463	468.0	308.0	52.4390243902439	53.04878048780488	0.0	100.0
464	364.0	240.0	63.00813008130082	63.41463414634146	73.33333333333333	26.666666666666668
465	452.0	304.0	54.0650406504065	53.65853658536586	0.0	100.0
466	400.0	276.0	59.34959349593496	57.92682926829268	8.695652173913043	91.30434782608695
467	468.0	308.0	52.4390243902439	53.04878048780488	0.0	100.0
468	504.0	352.0	48.78048780487805	46.34146341463415	97.72727272727273	2.272727272727273
469	316.0	264.0	67.88617886178862	59.756097560975604	43.93939393939394	56.060606060606055
470	448.0	284.0	54.47154471544715	56.70731707317073	0.0	100.0
471	492.0	352.0	50.0	46.34146341463415	96.5909090909091	3.4090909090909087
472	408.0	328.0	58.536585365853654	50.0	90.2439024390244	9.75609756097561
473	436.0	272.0	55.6910569105691	58.536585365853654	0.0	100.0
474	340.0	252.0	65.4471544715447	61.58536585365854	79.36507936507937	20.634920634920633
475	448.0	296.0	54.47154471544715	54.87804878048781	0.0	100.0
476	460.0	348.0	53.2520325203252	46.95121951219512	95.40229885057471	4.597701149425287
477	412.0	256.0	58.13008130081301	60.97560975609756	4.6875	95.3125
478	496.0	352.0	49.59349593495935	46.34146341463415	96.5909090909091	3.4090909090909087
479	324.0	228.0	67.07317073170732	65.2439024390244	64.91228070175438	35.08771929824561
480	424.0	264.0	56.91056910569105	59.756097560975604	0.0	100.0
481	324.0	248.0	67.07317073170732	62.19512195121951	58.06451612903226	41.935483870967744
482	428.0	296.0	56.50406504065041	54.87804878048781	2.7027027027027026	97.2972972972973
483	328.0	248.0	66.66666666666666	62.19512195121951	41.935483870967744	58.06451612903226
484	468.0	308.0	52.4390243902439	53.04878048780488	0.0	100.0
485	332.0	240.0	66.26016260162602	63.41463414634146	55.00000000000001	45.0
486	356.0	260.0	63.82113821138211	60.36585365853659	29.230769230769234	70.76923076923077
487	404.0	312.0	58.94308943089431	52.4390243902439	89.74358974358975	10.256410256410255
488	424.0	288.0	56.91056910569105	56.09756097560976	4.166666666666666	95.83333333333334
489	460.0	304.0	53.2520325203252	53.65853658536586	0.0	100.0
490	396.0	292.0	59.756097560975604	55.487804878048784	83.56164383561644	16.43835616438356
491	424.0	260.0	56.91056910569105	60.36585365853659	3.076923076923077	96.92307692307692
492	476.0	344.0	51.6260162601626	47.5609756097561	96.51162790697676	3.488372093023256
493	456.0	340.0	53.65853658536586	48.170731707317074	94.11764705882352	5.88235294117647
494	476.0	344.0	51.6260162601626	47.5609756097561	96.51162790697676	3.488372093023256
495	372.0	264.0	62.19512195121951	59.756097560975604	22.727272727272727	77.27272727272727
496	432.0	296.0	56.09756097560976	54.87804878048781	5.405405405405405	94.5945945945946
497	440.0	276.0	55.28455284552846	57.92682926829268	0.0	100.0
498	412.0	256.0	58.13008130081301	60.97560975609756	1.5625	98.4375
499	332.0	228.0	66.26016260162602	65.2439024390244	49.122807017543856	50.877192982456144
