0	480.0	300.0	51.21951219512195	54.268292682926834	0.0	100.0
1	480.0	300.0	51.21951219512195	54.268292682926834	0.0	100.0
2	480.0	300.0	51.21951219512195	54.268292682926834	0.0	100.0
3	480.0	300.0	51.21951219512195	54.268292682926834	0.0	100.0
4	504.0	356.0	48.78048780487805	45.73170731707317	100.0	0.0
5	452.0	316.0	54.0650406504065	51.829268292682926	17.72151898734177	82.27848101265823
6	476.0	300.0	51.6260162601626	54.268292682926834	0.0	100.0
7	496.0	312.0	49.59349593495935	52.4390243902439	12.82051282051282	87.17948717948718
8	500.0	356.0	49.1869918699187	45.73170731707317	97.75280898876404	2.247191011235955
9	500.0	356.0	49.1869918699187	45.73170731707317	87.64044943820225	12.359550561797752
10	488.0	348.0	50.40650406504065	46.95121951219512	94.25287356321839	5.747126436781609
11	460.0	316.0	53.2520325203252	51.829268292682926	12.658227848101266	87.34177215189874
12	500.0	356.0	49.1869918699187	45.73170731707317	100.0	0.0
13	468.0	324.0	52.4390243902439	50.609756097560975	12.345679012345679	87.65432098765432
14	480.0	300.0	51.21951219512195	54.268292682926834	0.0	100.0
15	448.0	320.0	54.47154471544715	51.21951219512195	12.5	87.5
16	480.0	300.0	51.21951219512195	54.268292682926834	0.0	100.0
17	488.0	348.0	50.40650406504065	46.95121951219512	94.25287356321839	5.747126436781609
18	452.0	332.0	54.0650406504065	49.390243902439025	90.36144578313254	9.63855421686747
19	424.0	348.0	56.91056910569105	46.95121951219512	54.02298850574713	45.97701149425287
20	460.0	328.0	53.2520325203252	50.0	23.170731707317074	76.82926829268293
21	480.0	300.0	51.21951219512195	54.268292682926834	0.0	100.0
22	448.0	332.0	54.47154471544715	49.390243902439025	80.72289156626506	19.27710843373494
23	460.0	296.0	53.2520325203252	54.87804878048781	1.3513513513513513	98.64864864864865
24	480.0	300.0	51.21951219512195	54.268292682926834	0.0	100.0
25	496.0	352.0	49.59349593495935	46.34146341463415	100.0	0.0
26	456.0	340.0	53.65853658536586	48.170731707317074	87.05882352941177	12.941176470588237
27	476.0	300.0	51.6260162601626	54.268292682926834	1.3333333333333335	98.66666666666667
28	448.0	328.0	54.47154471544715	50.0	20.73170731707317	79.26829268292683
29	480.0	304.0	51.21951219512195	53.65853658536586	1.3157894736842104	98.68421052631578
30	496.0	348.0	49.59349593495935	46.95121951219512	100.0	0.0
31	476.0	344.0	51.6260162601626	47.5609756097561	94.18604651162791	5.813953488372093
32	460.0	332.0	53.2520325203252	49.390243902439025	93.97590361445783	6.024096385542169
33	424.0	324.0	56.91056910569105	50.609756097560975	53.086419753086425	46.913580246913575
34	460.0	312.0	53.2520325203252	52.4390243902439	11.538461538461538	88.46153846153845
35	480.0	300.0	51.21951219512195	54.268292682926834	0.0	100.0
36	456.0	324.0	53.65853658536586	50.609756097560975	69.1358024691358	30.864197530864196
37	460.0	292.0	53.2520325203252	55.487804878048784	2.73972602739726	97.26027397260275
38	468.0	340.0	52.4390243902439	48.170731707317074	94.11764705882352	5.88235294117647
39	468.0	300.0	52.4390243902439	54.268292682926834	1.3333333333333335	98.66666666666667
40	484.0	332.0	50.81300813008131	49.390243902439025	53.01204819277109	46.98795180722892
41	468.0	312.0	52.4390243902439	52.4390243902439	84.61538461538461	15.384615384615385
42	432.0	296.0	56.09756097560976	54.87804878048781	29.72972972972973	70.27027027027027
43	472.0	340.0	52.03252032520326	48.170731707317074	91.76470588235294	8.235294117647058
44	480.0	324.0	51.21951219512195	50.609756097560975	81.48148148148148	18.51851851851852
45	480.0	300.0	51.21951219512195	54.268292682926834	0.0	100.0
46	468.0	300.0	52.4390243902439	54.268292682926834	1.3333333333333335	98.66666666666667
47	436.0	320.0	55.6910569105691	51.21951219512195	61.25000000000001	38.75
48	432.0	304.0	56.09756097560976	53.65853658536586	48.68421052631579	51.31578947368421
49	464.0	344.0	52.84552845528455	47.5609756097561	81.3953488372093	18.6046511627907
50	488.0	348.0	50.40650406504065	46.95121951219512	97.70114942528735	2.2988505747126435
51	436.0	304.0	55.6910569105691	53.65853658536586	34.21052631578947	65.78947368421053
52	432.0	328.0	56.09756097560976	50.0	67.07317073170732	32.926829268292686
53	424.0	336.0	56.91056910569105	48.78048780487805	66.66666666666666	33.33333333333333
54	456.0	336.0	53.65853658536586	48.78048780487805	86.90476190476191	13.095238095238097
55	476.0	300.0	51.6260162601626	54.268292682926834	1.3333333333333335	98.66666666666667
56	456.0	304.0	53.65853658536586	53.65853658536586	56.57894736842105	43.42105263157895
57	480.0	300.0	51.21951219512195	54.268292682926834	1.3333333333333335	98.66666666666667
58	472.0	360.0	52.03252032520326	45.1219512195122	86.66666666666667	13.333333333333334
59	452.0	332.0	54.0650406504065	49.390243902439025	75.90361445783132	24.096385542168676
60	480.0	300.0	51.21951219512195	54.268292682926834	1.3333333333333335	98.66666666666667
61	444.0	308.0	54.87804878048781	53.04878048780488	40.25974025974026	59.74025974025974
62	428.0	332.0	56.50406504065041	49.390243902439025	74.69879518072288	25.301204819277107
63	460.0	312.0	53.2520325203252	52.4390243902439	58.97435897435898	41.02564102564102
64	436.0	312.0	55.6910569105691	52.4390243902439	51.28205128205128	48.717948717948715
65	480.0	304.0	51.21951219512195	53.65853658536586	1.3157894736842104	98.68421052631578
66	468.0	296.0	52.4390243902439	54.87804878048781	1.3513513513513513	98.64864864864865
67	468.0	304.0	52.4390243902439	53.65853658536586	2.631578947368421	97.36842105263158
68	484.0	344.0	50.81300813008131	47.5609756097561	95.34883720930233	4.651162790697675
69	484.0	348.0	50.81300813008131	46.95121951219512	97.70114942528735	2.2988505747126435
70	432.0	308.0	56.09756097560976	53.04878048780488	42.857142857142854	57.14285714285714
71	480.0	304.0	51.21951219512195	53.65853658536586	1.3157894736842104	98.68421052631578
72	476.0	308.0	51.6260162601626	53.04878048780488	10.38961038961039	89.6103896103896
73	472.0	296.0	52.03252032520326	54.87804878048781	4.054054054054054	95.94594594594594
74	460.0	312.0	53.2520325203252	52.4390243902439	92.3076923076923	7.6923076923076925
75	464.0	304.0	52.84552845528455	53.65853658536586	5.263157894736842	94.73684210526315
76	460.0	344.0	53.2520325203252	47.5609756097561	91.86046511627907	8.13953488372093
77	476.0	300.0	51.6260162601626	54.268292682926834	1.3333333333333335	98.66666666666667
78	484.0	344.0	50.81300813008131	47.5609756097561	97.67441860465115	2.3255813953488373
79	480.0	300.0	51.21951219512195	54.268292682926834	1.3333333333333335	98.66666666666667
80	412.0	312.0	58.13008130081301	52.4390243902439	44.871794871794876	55.12820512820513
81	472.0	296.0	52.03252032520326	54.87804878048781	1.3513513513513513	98.64864864864865
82	492.0	348.0	50.0	46.95121951219512	98.85057471264368	1.1494252873563218
83	448.0	304.0	54.47154471544715	53.65853658536586	38.15789473684211	61.8421052631579
84	492.0	352.0	50.0	46.34146341463415	100.0	0.0
85	468.0	336.0	52.4390243902439	48.78048780487805	91.66666666666666	8.333333333333332
86	384.0	336.0	60.97560975609756	48.78048780487805	57.14285714285714	42.857142857142854
87	464.0	300.0	52.84552845528455	54.268292682926834	8.0	92.0
88	480.0	300.0	51.21951219512195	54.268292682926834	0.0	100.0
89	472.0	316.0	52.03252032520326	51.829268292682926	88.60759493670885	11.39240506329114
90	432.0	308.0	56.09756097560976	53.04878048780488	44.15584415584416	55.84415584415584
91	464.0	344.0	52.84552845528455	47.5609756097561	86.04651162790698	13.953488372093023
92	420.0	316.0	57.3170731707317	51.829268292682926	39.24050632911392	60.75949367088608
93	476.0	304.0	51.6260162601626	53.65853658536586	13.157894736842104	86.8421052631579
94	484.0	340.0	50.81300813008131	48.170731707317074	91.76470588235294	8.235294117647058
95	464.0	308.0	52.84552845528455	53.04878048780488	10.38961038961039	89.6103896103896
96	488.0	348.0	50.40650406504065	46.95121951219512	96.55172413793103	3.4482758620689653
97	480.0	300.0	51.21951219512195	54.268292682926834	1.3333333333333335	98.66666666666667
98	464.0	324.0	52.84552845528455	50.609756097560975	88.88888888888889	11.11111111111111
99	440.0	316.0	55.28455284552846	51.829268292682926	26.582278481012654	73.41772151898735
100	484.0	320.0	50.81300813008131	51.21951219512195	77.5	22.5
101	436.0	308.0	55.6910569105691	53.04878048780488	62.33766233766234	37.66233766233766
102	468.0	336.0	52.4390243902439	48.78048780487805	88.09523809523809	11.904761904761903
103	460.0	300.0	53.2520325203252	54.268292682926834	4.0	96.0
104	476.0	312.0	51.6260162601626	52.4390243902439	16.666666666666664	83.33333333333334
105	484.0	316.0	50.81300813008131	51.829268292682926	13.924050632911392	86.07594936708861
106	460.0	312.0	53.2520325203252	52.4390243902439	11.538461538461538	88.46153846153845
107	480.0	300.0	51.21951219512195	54.268292682926834	1.3333333333333335	98.66666666666667
108	468.0	336.0	52.4390243902439	48.78048780487805	86.90476190476191	13.095238095238097
109	460.0	288.0	53.2520325203252	56.09756097560976	2.7777777777777777	97.22222222222221
110	476.0	332.0	51.6260162601626	49.390243902439025	83.13253012048193	16.867469879518072
111	480.0	348.0	51.21951219512195	46.95121951219512	96.55172413793103	3.4482758620689653
112	468.0	328.0	52.4390243902439	50.0	81.70731707317073	18.29268292682927
113	412.0	328.0	58.13008130081301	50.0	34.146341463414636	65.85365853658537
114	464.0	332.0	52.84552845528455	49.390243902439025	85.54216867469879	14.457831325301203
115	472.0	332.0	52.03252032520326	49.390243902439025	73.49397590361446	26.506024096385545
116	444.0	340.0	54.87804878048781	48.170731707317074	85.88235294117646	14.117647058823529
117	420.0	280.0	57.3170731707317	57.3170731707317	55.714285714285715	44.285714285714285
118	428.0	308.0	56.50406504065041	53.04878048780488	36.36363636363637	63.63636363636363
119	416.0	316.0	57.72357723577236	51.829268292682926	64.55696202531645	35.44303797468354
120	416.0	324.0	57.72357723577236	50.609756097560975	59.25925925925925	40.74074074074074
121	448.0	340.0	54.47154471544715	48.170731707317074	81.17647058823529	18.823529411764707
122	420.0	336.0	57.3170731707317	48.78048780487805	69.04761904761905	30.952380952380953
123	476.0	348.0	51.6260162601626	46.95121951219512	94.25287356321839	5.747126436781609
124	404.0	332.0	58.94308943089431	49.390243902439025	71.08433734939759	28.915662650602407
125	424.0	336.0	56.91056910569105	48.78048780487805	76.19047619047619	23.809523809523807
126	456.0	336.0	53.65853658536586	48.78048780487805	94.04761904761905	5.952380952380952
127	440.0	312.0	55.28455284552846	52.4390243902439	29.48717948717949	70.51282051282051
128	412.0	336.0	58.13008130081301	48.78048780487805	67.85714285714286	32.142857142857146
129	452.0	296.0	54.0650406504065	54.87804878048781	8.108108108108109	91.8918918918919
130	464.0	316.0	52.84552845528455	51.829268292682926	25.31645569620253	74.68354430379746
131	420.0	328.0	57.3170731707317	50.0	59.756097560975604	40.243902439024396
132	436.0	292.0	55.6910569105691	55.487804878048784	23.28767123287671	76.71232876712328
133	464.0	296.0	52.84552845528455	54.87804878048781	2.7027027027027026	97.2972972972973
134	436.0	304.0	55.6910569105691	53.65853658536586	17.105263157894736	82.89473684210526
135	428.0	328.0	56.50406504065041	50.0	52.4390243902439	47.5609756097561
136	460.0	292.0	53.2520325203252	55.487804878048784	2.73972602739726	97.26027397260275
137	456.0	316.0	53.65853658536586	51.829268292682926	89.87341772151899	10.126582278481013
138	420.0	320.0	57.3170731707317	51.21951219512195	58.75	41.25
139	472.0	300.0	52.03252032520326	54.268292682926834	9.333333333333334	90.66666666666666
140	396.0	316.0	59.756097560975604	51.829268292682926	54.43037974683544	45.56962025316456
141	404.0	292.0	58.94308943089431	55.487804878048784	42.465753424657535	57.534246575342465
142	408.0	344.0	58.536585365853654	47.5609756097561	66.27906976744185	33.72093023255814
143	468.0	336.0	52.4390243902439	48.78048780487805	90.47619047619048	9.523809523809524
144	464.0	288.0	52.84552845528455	56.09756097560976	4.166666666666666	95.83333333333334
145	444.0	304.0	54.87804878048781	53.65853658536586	6.578947368421052	93.42105263157895
146	464.0	288.0	52.84552845528455	56.09756097560976	4.166666666666666	95.83333333333334
147	432.0	312.0	56.09756097560976	52.4390243902439	26.923076923076923	73.07692307692307
148	416.0	324.0	57.72357723577236	50.609756097560975	39.50617283950617	60.49382716049383
149	468.0	344.0	52.4390243902439	47.5609756097561	91.86046511627907	8.13953488372093
150	476.0	300.0	51.6260162601626	54.268292682926834	9.333333333333334	90.66666666666666
151	424.0	324.0	56.91056910569105	50.609756097560975	72.8395061728395	27.160493827160494
152	464.0	304.0	52.84552845528455	53.65853658536586	10.526315789473683	89.47368421052632
153	488.0	348.0	50.40650406504065	46.95121951219512	100.0	0.0
154	424.0	288.0	56.91056910569105	56.09756097560976	36.11111111111111	63.888888888888886
155	480.0	300.0	51.21951219512195	54.268292682926834	1.3333333333333335	98.66666666666667
156	456.0	292.0	53.65853658536586	55.487804878048784	12.32876712328767	87.67123287671232
157	472.0	300.0	52.03252032520326	54.268292682926834	13.333333333333334	86.66666666666667
158	460.0	348.0	53.2520325203252	46.95121951219512	93.10344827586206	6.896551724137931
159	408.0	332.0	58.536585365853654	49.390243902439025	66.26506024096386	33.734939759036145
160	476.0	300.0	51.6260162601626	54.268292682926834	1.3333333333333335	98.66666666666667
161	424.0	336.0	56.91056910569105	48.78048780487805	77.38095238095238	22.61904761904762
162	424.0	328.0	56.91056910569105	50.0	73.17073170731707	26.82926829268293
163	444.0	308.0	54.87804878048781	53.04878048780488	18.181818181818183	81.81818181818183
164	408.0	332.0	58.536585365853654	49.390243902439025	51.80722891566265	48.19277108433735
165	476.0	308.0	51.6260162601626	53.04878048780488	16.883116883116884	83.11688311688312
166	452.0	288.0	54.0650406504065	56.09756097560976	2.7777777777777777	97.22222222222221
167	452.0	340.0	54.0650406504065	48.170731707317074	84.70588235294117	15.294117647058824
168	416.0	340.0	57.72357723577236	48.170731707317074	68.23529411764706	31.76470588235294
169	488.0	348.0	50.40650406504065	46.95121951219512	100.0	0.0
170	384.0	308.0	60.97560975609756	53.04878048780488	49.35064935064935	50.649350649350644
171	456.0	340.0	53.65853658536586	48.170731707317074	84.70588235294117	15.294117647058824
172	472.0	300.0	52.03252032520326	54.268292682926834	1.3333333333333335	98.66666666666667
173	448.0	300.0	54.47154471544715	54.268292682926834	9.333333333333334	90.66666666666666
174	460.0	300.0	53.2520325203252	54.268292682926834	12.0	88.0
175	448.0	332.0	54.47154471544715	49.390243902439025	92.7710843373494	7.228915662650602
176	404.0	312.0	58.94308943089431	52.4390243902439	39.743589743589745	60.256410256410255
177	476.0	348.0	51.6260162601626	46.95121951219512	96.55172413793103	3.4482758620689653
178	460.0	348.0	53.2520325203252	46.95121951219512	93.10344827586206	6.896551724137931
179	456.0	316.0	53.65853658536586	51.829268292682926	20.253164556962027	79.74683544303798
180	448.0	324.0	54.47154471544715	50.609756097560975	40.74074074074074	59.25925925925925
181	416.0	328.0	57.72357723577236	50.0	40.243902439024396	59.756097560975604
182	444.0	320.0	54.87804878048781	51.21951219512195	45.0	55.00000000000001
183	428.0	284.0	56.50406504065041	56.70731707317073	29.577464788732392	70.4225352112676
184	428.0	328.0	56.50406504065041	50.0	71.95121951219512	28.04878048780488
185	444.0	320.0	54.87804878048781	51.21951219512195	47.5	52.5
186	428.0	312.0	56.50406504065041	52.4390243902439	23.076923076923077	76.92307692307693
187	476.0	348.0	51.6260162601626	46.95121951219512	96.55172413793103	3.4482758620689653
188	460.0	288.0	53.2520325203252	56.09756097560976	2.7777777777777777	97.22222222222221
189	476.0	300.0	51.6260162601626	54.268292682926834	1.3333333333333335	98.66666666666667
190	476.0	304.0	51.6260162601626	53.65853658536586	15.789473684210526	84.21052631578947
191	480.0	300.0	51.21951219512195	54.268292682926834	1.3333333333333335	98.66666666666667
192	440.0	336.0	55.28455284552846	48.78048780487805	77.38095238095238	22.61904761904762
193	416.0	328.0	57.72357723577236	50.0	75.60975609756098	24.390243902439025
194	480.0	300.0	51.21951219512195	54.268292682926834	1.3333333333333335	98.66666666666667
195	408.0	328.0	58.536585365853654	50.0	37.80487804878049	62.19512195121951
196	476.0	348.0	51.6260162601626	46.95121951219512	95.40229885057471	4.597701149425287
197	480.0	300.0	51.21951219512195	54.268292682926834	0.0	100.0
198	496.0	356.0	49.59349593495935	45.73170731707317	100.0	0.0
199	448.0	292.0	54.47154471544715	55.487804878048784	6.8493150684931505	93.15068493150685
200	448.0	340.0	54.47154471544715	48.170731707317074	81.17647058823529	18.823529411764707
201	444.0	312.0	54.87804878048781	52.4390243902439	20.51282051282051	79.48717948717949
202	480.0	300.0	51.21951219512195	54.268292682926834	0.0	100.0
203	452.0	324.0	54.0650406504065	50.609756097560975	90.12345679012346	9.876543209876543
204	452.0	344.0	54.0650406504065	47.5609756097561	87.20930232558139	12.790697674418606
205	372.0	328.0	62.19512195121951	50.0	59.756097560975604	40.243902439024396
206	424.0	332.0	56.91056910569105	49.390243902439025	73.49397590361446	26.506024096385545
207	476.0	352.0	51.6260162601626	46.34146341463415	94.31818181818183	5.681818181818182
208	468.0	348.0	52.4390243902439	46.95121951219512	94.25287356321839	5.747126436781609
209	404.0	344.0	58.94308943089431	47.5609756097561	58.139534883720934	41.86046511627907
210	456.0	336.0	53.65853658536586	48.78048780487805	85.71428571428571	14.285714285714285
211	412.0	304.0	58.13008130081301	53.65853658536586	42.10526315789473	57.89473684210527
212	464.0	344.0	52.84552845528455	47.5609756097561	93.02325581395348	6.976744186046512
213	444.0	292.0	54.87804878048781	55.487804878048784	4.10958904109589	95.8904109589041
214	436.0	296.0	55.6910569105691	54.87804878048781	20.27027027027027	79.72972972972973
215	440.0	308.0	55.28455284552846	53.04878048780488	57.14285714285714	42.857142857142854
216	456.0	336.0	53.65853658536586	48.78048780487805	90.47619047619048	9.523809523809524
217	472.0	300.0	52.03252032520326	54.268292682926834	1.3333333333333335	98.66666666666667
218	436.0	348.0	55.6910569105691	46.95121951219512	80.45977011494253	19.54022988505747
219	476.0	344.0	51.6260162601626	47.5609756097561	96.51162790697676	3.488372093023256
220	464.0	348.0	52.84552845528455	46.95121951219512	93.10344827586206	6.896551724137931
221	468.0	304.0	52.4390243902439	53.65853658536586	2.631578947368421	97.36842105263158
222	424.0	340.0	56.91056910569105	48.170731707317074	71.76470588235294	28.235294117647058
223	444.0	332.0	54.87804878048781	49.390243902439025	78.3132530120482	21.686746987951807
224	408.0	316.0	58.536585365853654	51.829268292682926	41.77215189873418	58.22784810126582
225	456.0	340.0	53.65853658536586	48.170731707317074	90.58823529411765	9.411764705882353
226	444.0	292.0	54.87804878048781	55.487804878048784	4.10958904109589	95.8904109589041
227	392.0	328.0	60.16260162601627	50.0	69.51219512195121	30.48780487804878
228	436.0	308.0	55.6910569105691	53.04878048780488	15.584415584415584	84.4155844155844
229	456.0	292.0	53.65853658536586	55.487804878048784	12.32876712328767	87.67123287671232
230	464.0	288.0	52.84552845528455	56.09756097560976	1.3888888888888888	98.61111111111111
231	416.0	316.0	57.72357723577236	51.829268292682926	26.582278481012654	73.41772151898735
232	472.0	300.0	52.03252032520326	54.268292682926834	1.3333333333333335	98.66666666666667
233	468.0	348.0	52.4390243902439	46.95121951219512	93.10344827586206	6.896551724137931
234	372.0	316.0	62.19512195121951	51.829268292682926	48.10126582278481	51.89873417721519
235	468.0	296.0	52.4390243902439	54.87804878048781	2.7027027027027026	97.2972972972973
236	448.0	344.0	54.47154471544715	47.5609756097561	90.69767441860465	9.30232558139535
237	468.0	344.0	52.4390243902439	47.5609756097561	90.69767441860465	9.30232558139535
238	400.0	316.0	59.34959349593496	51.829268292682926	51.89873417721519	48.10126582278481
239	436.0	308.0	55.6910569105691	53.04878048780488	25.97402597402597	74.02597402597402
240	464.0	288.0	52.84552845528455	56.09756097560976	1.3888888888888888	98.61111111111111
241	416.0	296.0	57.72357723577236	54.87804878048781	21.62162162162162	78.37837837837837
242	476.0	348.0	51.6260162601626	46.95121951219512	98.85057471264368	1.1494252873563218
243	484.0	300.0	50.81300813008131	54.268292682926834	14.666666666666666	85.33333333333334
244	460.0	344.0	53.2520325203252	47.5609756097561	94.18604651162791	5.813953488372093
245	456.0	340.0	53.65853658536586	48.170731707317074	94.11764705882352	5.88235294117647
246	464.0	344.0	52.84552845528455	47.5609756097561	94.18604651162791	5.813953488372093
247	492.0	348.0	50.0	46.95121951219512	100.0	0.0
248	416.0	300.0	57.72357723577236	54.268292682926834	24.0	76.0
249	480.0	348.0	51.21951219512195	46.95121951219512	96.55172413793103	3.4482758620689653
250	464.0	288.0	52.84552845528455	56.09756097560976	1.3888888888888888	98.61111111111111
251	480.0	300.0	51.21951219512195	54.268292682926834	0.0	100.0
252	460.0	304.0	53.2520325203252	53.65853658536586	13.157894736842104	86.8421052631579
253	480.0	352.0	51.21951219512195	46.34146341463415	98.86363636363636	1.1363636363636365
254	456.0	288.0	53.65853658536586	56.09756097560976	2.7777777777777777	97.22222222222221
255	400.0	328.0	59.34959349593496	50.0	59.756097560975604	40.243902439024396
256	444.0	320.0	54.87804878048781	51.21951219512195	76.25	23.75
257	476.0	348.0	51.6260162601626	46.95121951219512	98.85057471264368	1.1494252873563218
258	484.0	352.0	50.81300813008131	46.34146341463415	98.86363636363636	1.1363636363636365
259	488.0	348.0	50.40650406504065	46.95121951219512	100.0	0.0
260	480.0	300.0	51.21951219512195	54.268292682926834	0.0	100.0
261	476.0	348.0	51.6260162601626	46.95121951219512	98.85057471264368	1.1494252873563218
262	472.0	292.0	52.03252032520326	55.487804878048784	12.32876712328767	87.67123287671232
263	472.0	300.0	52.03252032520326	54.268292682926834	1.3333333333333335	98.66666666666667
264	388.0	344.0	60.56910569105691	47.5609756097561	65.11627906976744	34.883720930232556
265	452.0	288.0	54.0650406504065	56.09756097560976	12.5	87.5
266	472.0	348.0	52.03252032520326	46.95121951219512	94.25287356321839	5.747126436781609
267	472.0	348.0	52.03252032520326	46.95121951219512	96.55172413793103	3.4482758620689653
268	424.0	328.0	56.91056910569105	50.0	58.536585365853654	41.46341463414634
269	464.0	296.0	52.84552845528455	54.87804878048781	1.3513513513513513	98.64864864864865
270	480.0	344.0	51.21951219512195	47.5609756097561	98.83720930232558	1.1627906976744187
271	412.0	296.0	58.13008130081301	54.87804878048781	21.62162162162162	78.37837837837837
272	468.0	296.0	52.4390243902439	54.87804878048781	12.162162162162163	87.83783783783784
273	412.0	340.0	58.13008130081301	48.170731707317074	81.17647058823529	18.823529411764707
274	472.0	348.0	52.03252032520326	46.95121951219512	94.25287356321839	5.747126436781609
275	484.0	352.0	50.81300813008131	46.34146341463415	98.86363636363636	1.1363636363636365
276	472.0	296.0	52.03252032520326	54.87804878048781	1.3513513513513513	98.64864864864865
277	436.0	344.0	55.6910569105691	47.5609756097561	84.88372093023256	15.11627906976744
278	424.0	328.0	56.91056910569105	50.0	82.92682926829268	17.073170731707318
279	464.0	292.0	52.84552845528455	55.487804878048784	9.58904109589041	90.41095890410958
280	428.0	320.0	56.50406504065041	51.21951219512195	42.5	57.49999999999999
281	420.0	332.0	57.3170731707317	49.390243902439025	65.06024096385542	34.93975903614458
282	404.0	348.0	58.94308943089431	46.95121951219512	70.11494252873564	29.88505747126437
283	380.0	316.0	61.382113821138205	51.829268292682926	69.62025316455697	30.37974683544304
284	452.0	336.0	54.0650406504065	48.78048780487805	94.04761904761905	5.952380952380952
285	436.0	328.0	55.6910569105691	50.0	70.73170731707317	29.268292682926827
286	476.0	356.0	51.6260162601626	45.73170731707317	97.75280898876404	2.247191011235955
287	376.0	324.0	61.78861788617886	50.609756097560975	51.85185185185185	48.148148148148145
288	468.0	296.0	52.4390243902439	54.87804878048781	1.3513513513513513	98.64864864864865
289	396.0	336.0	59.756097560975604	48.78048780487805	67.85714285714286	32.142857142857146
290	448.0	352.0	54.47154471544715	46.34146341463415	84.0909090909091	15.909090909090908
291	472.0	344.0	52.03252032520326	47.5609756097561	96.51162790697676	3.488372093023256
292	472.0	356.0	52.03252032520326	45.73170731707317	94.3820224719101	5.617977528089887
293	480.0	356.0	51.21951219512195	45.73170731707317	97.75280898876404	2.247191011235955
294	468.0	284.0	52.4390243902439	56.70731707317073	2.8169014084507045	97.1830985915493
295	448.0	288.0	54.47154471544715	56.09756097560976	6.944444444444445	93.05555555555556
296	448.0	316.0	54.47154471544715	51.829268292682926	72.15189873417721	27.848101265822784
297	428.0	336.0	56.50406504065041	48.78048780487805	77.38095238095238	22.61904761904762
298	420.0	320.0	57.3170731707317	51.21951219512195	32.5	67.5
299	468.0	296.0	52.4390243902439	54.87804878048781	1.3513513513513513	98.64864864864865
300	428.0	340.0	56.50406504065041	48.170731707317074	84.70588235294117	15.294117647058824
301	480.0	300.0	51.21951219512195	54.268292682926834	1.3333333333333335	98.66666666666667
302	464.0	288.0	52.84552845528455	56.09756097560976	2.7777777777777777	97.22222222222221
303	396.0	316.0	59.756097560975604	51.829268292682926	75.9493670886076	24.050632911392405
304	476.0	348.0	51.6260162601626	46.95121951219512	97.70114942528735	2.2988505747126435
305	420.0	300.0	57.3170731707317	54.268292682926834	21.333333333333336	78.66666666666666
306	396.0	316.0	59.756097560975604	51.829268292682926	36.708860759493675	63.29113924050633
307	472.0	296.0	52.03252032520326	54.87804878048781	1.3513513513513513	98.64864864864865
308	424.0	332.0	56.91056910569105	49.390243902439025	81.92771084337349	18.072289156626507
309	476.0	296.0	51.6260162601626	54.87804878048781	13.513513513513514	86.48648648648648
310	488.0	348.0	50.40650406504065	46.95121951219512	100.0	0.0
311	472.0	304.0	52.03252032520326	53.65853658536586	17.105263157894736	82.89473684210526
312	480.0	300.0	51.21951219512195	54.268292682926834	1.3333333333333335	98.66666666666667
313	436.0	300.0	55.6910569105691	54.268292682926834	24.0	76.0
314	388.0	308.0	60.56910569105691	53.04878048780488	31.16883116883117	68.83116883116884
315	488.0	348.0	50.40650406504065	46.95121951219512	100.0	0.0
316	448.0	344.0	54.47154471544715	47.5609756097561	89.53488372093024	10.465116279069768
317	480.0	352.0	51.21951219512195	46.34146341463415	98.86363636363636	1.1363636363636365
318	472.0	300.0	52.03252032520326	54.268292682926834	14.666666666666666	85.33333333333334
319	424.0	320.0	56.91056910569105	51.21951219512195	28.749999999999996	71.25
320	464.0	284.0	52.84552845528455	56.70731707317073	2.8169014084507045	97.1830985915493
321	428.0	332.0	56.50406504065041	49.390243902439025	56.62650602409639	43.373493975903614
322	448.0	292.0	54.47154471544715	55.487804878048784	10.95890410958904	89.04109589041096
323	432.0	328.0	56.09756097560976	50.0	32.926829268292686	67.07317073170732
324	444.0	324.0	54.87804878048781	50.609756097560975	83.9506172839506	16.049382716049383
325	364.0	348.0	63.00813008130082	46.95121951219512	68.96551724137932	31.03448275862069
326	448.0	348.0	54.47154471544715	46.95121951219512	90.80459770114942	9.195402298850574
327	372.0	316.0	62.19512195121951	51.829268292682926	36.708860759493675	63.29113924050633
328	480.0	300.0	51.21951219512195	54.268292682926834	1.3333333333333335	98.66666666666667
329	468.0	292.0	52.4390243902439	55.487804878048784	10.95890410958904	89.04109589041096
330	472.0	344.0	52.03252032520326	47.5609756097561	97.67441860465115	2.3255813953488373
331	392.0	324.0	60.16260162601627	50.609756097560975	75.30864197530865	24.691358024691358
332	460.0	344.0	53.2520325203252	47.5609756097561	94.18604651162791	5.813953488372093
333	452.0	296.0	54.0650406504065	54.87804878048781	9.45945945945946	90.54054054054053
334	388.0	308.0	60.56910569105691	53.04878048780488	40.25974025974026	59.74025974025974
335	456.0	344.0	53.65853658536586	47.5609756097561	91.86046511627907	8.13953488372093
336	428.0	336.0	56.50406504065041	48.78048780487805	73.80952380952381	26.190476190476193
337	456.0	292.0	53.65853658536586	55.487804878048784	6.8493150684931505	93.15068493150685
338	472.0	344.0	52.03252032520326	47.5609756097561	98.83720930232558	1.1627906976744187
339	388.0	316.0	60.56910569105691	51.829268292682926	39.24050632911392	60.75949367088608
340	476.0	296.0	51.6260162601626	54.87804878048781	1.3513513513513513	98.64864864864865
341	464.0	340.0	52.84552845528455	48.170731707317074	95.29411764705881	4.705882352941177
342	428.0	308.0	56.50406504065041	53.04878048780488	18.181818181818183	81.81818181818183
343	460.0	348.0	53.2520325203252	46.95121951219512	94.25287356321839	5.747126436781609
344	436.0	324.0	55.6910569105691	50.609756097560975	83.9506172839506	16.049382716049383
345	456.0	292.0	53.65853658536586	55.487804878048784	12.32876712328767	87.67123287671232
346	420.0	312.0	57.3170731707317	52.4390243902439	50.0	50.0
347	460.0	304.0	53.2520325203252	53.65853658536586	17.105263157894736	82.89473684210526
348	472.0	348.0	52.03252032520326	46.95121951219512	97.70114942528735	2.2988505747126435
349	480.0	300.0	51.21951219512195	54.268292682926834	1.3333333333333335	98.66666666666667
350	464.0	284.0	52.84552845528455	56.70731707317073	2.8169014084507045	97.1830985915493
351	452.0	340.0	54.0650406504065	48.170731707317074	91.76470588235294	8.235294117647058
352	432.0	332.0	56.09756097560976	49.390243902439025	67.46987951807229	32.53012048192771
353	416.0	296.0	57.72357723577236	54.87804878048781	22.972972972972975	77.02702702702703
354	396.0	304.0	59.756097560975604	53.65853658536586	31.57894736842105	68.42105263157895
355	380.0	320.0	61.382113821138205	51.21951219512195	37.5	62.5
356	384.0	300.0	60.97560975609756	54.268292682926834	49.333333333333336	50.66666666666667
357	424.0	320.0	56.91056910569105	51.21951219512195	75.0	25.0
358	464.0	296.0	52.84552845528455	54.87804878048781	16.216216216216218	83.78378378378379
359	432.0	332.0	56.09756097560976	49.390243902439025	89.1566265060241	10.843373493975903
360	464.0	300.0	52.84552845528455	54.268292682926834	2.666666666666667	97.33333333333334
361	456.0	288.0	53.65853658536586	56.09756097560976	9.722222222222223	90.27777777777779
362	352.0	320.0	64.22764227642277	51.21951219512195	50.0	50.0
363	464.0	288.0	52.84552845528455	56.09756097560976	1.3888888888888888	98.61111111111111
364	464.0	348.0	52.84552845528455	46.95121951219512	94.25287356321839	5.747126436781609
365	460.0	292.0	53.2520325203252	55.487804878048784	17.80821917808219	82.1917808219178
366	404.0	288.0	58.94308943089431	56.09756097560976	43.05555555555556	56.94444444444444
367	472.0	300.0	52.03252032520326	54.268292682926834	1.3333333333333335	98.66666666666667
368	432.0	336.0	56.09756097560976	48.78048780487805	89.28571428571429	10.714285714285714
369	476.0	292.0	51.6260162601626	55.487804878048784	15.068493150684931	84.93150684931507
370	440.0	324.0	55.28455284552846	50.609756097560975	85.18518518518519	14.814814814814813
371	416.0	340.0	57.72357723577236	48.170731707317074	83.52941176470588	16.470588235294116
372	408.0	320.0	58.536585365853654	51.21951219512195	72.5	27.500000000000004
373	448.0	340.0	54.47154471544715	48.170731707317074	90.58823529411765	9.411764705882353
374	360.0	308.0	63.41463414634146	53.04878048780488	48.05194805194805	51.94805194805194
375	460.0	288.0	53.2520325203252	56.09756097560976	2.7777777777777777	97.22222222222221
376	452.0	292.0	54.0650406504065	55.487804878048784	2.73972602739726	97.26027397260275
377	460.0	284.0	53.2520325203252	56.70731707317073	2.8169014084507045	97.1830985915493
378	460.0	296.0	53.2520325203252	54.87804878048781	2.7027027027027026	97.2972972972973
379	388.0	320.0	60.56910569105691	51.21951219512195	72.5	27.500000000000004
380	388.0	320.0	60.56910569105691	51.21951219512195	32.5	67.5
381	456.0	344.0	53.65853658536586	47.5609756097561	93.02325581395348	6.976744186046512
382	460.0	296.0	53.2520325203252	54.87804878048781	9.45945945945946	90.54054054054053
383	384.0	308.0	60.97560975609756	53.04878048780488	35.064935064935064	64.93506493506493
384	468.0	288.0	52.4390243902439	56.09756097560976	9.722222222222223	90.27777777777779
385	420.0	288.0	57.3170731707317	56.09756097560976	18.055555555555554	81.94444444444444
386	452.0	288.0	54.0650406504065	56.09756097560976	5.555555555555555	94.44444444444444
387	396.0	364.0	59.756097560975604	44.51219512195122	72.52747252747253	27.472527472527474
388	432.0	332.0	56.09756097560976	49.390243902439025	83.13253012048193	16.867469879518072
389	480.0	300.0	51.21951219512195	54.268292682926834	1.3333333333333335	98.66666666666667
390	492.0	348.0	50.0	46.95121951219512	100.0	0.0
391	480.0	300.0	51.21951219512195	54.268292682926834	1.3333333333333335	98.66666666666667
392	464.0	348.0	52.84552845528455	46.95121951219512	93.10344827586206	6.896551724137931
393	420.0	304.0	57.3170731707317	53.65853658536586	30.263157894736842	69.73684210526315
394	464.0	348.0	52.84552845528455	46.95121951219512	94.25287356321839	5.747126436781609
395	424.0	316.0	56.91056910569105	51.829268292682926	58.22784810126582	41.77215189873418
396	468.0	300.0	52.4390243902439	54.268292682926834	1.3333333333333335	98.66666666666667
397	440.0	336.0	55.28455284552846	48.78048780487805	89.28571428571429	10.714285714285714
398	416.0	340.0	57.72357723577236	48.170731707317074	83.52941176470588	16.470588235294116
399	456.0	284.0	53.65853658536586	56.70731707317073	2.8169014084507045	97.1830985915493
400	468.0	284.0	52.4390243902439	56.70731707317073	1.4084507042253522	98.59154929577466
401	468.0	292.0	52.4390243902439	55.487804878048784	12.32876712328767	87.67123287671232
402	464.0	292.0	52.84552845528455	55.487804878048784	2.73972602739726	97.26027397260275
403	368.0	344.0	62.601626016260155	47.5609756097561	67.44186046511628	32.55813953488372
404	436.0	320.0	55.6910569105691	51.21951219512195	36.25	63.74999999999999
405	376.0	332.0	61.78861788617886	49.390243902439025	60.24096385542169	39.75903614457831
406	492.0	352.0	50.0	46.34146341463415	100.0	0.0
407	472.0	300.0	52.03252032520326	54.268292682926834	1.3333333333333335	98.66666666666667
408	368.0	316.0	62.601626016260155	51.829268292682926	34.177215189873415	65.82278481012658
409	484.0	352.0	50.81300813008131	46.34146341463415	98.86363636363636	1.1363636363636365
410	468.0	348.0	52.4390243902439	46.95121951219512	95.40229885057471	4.597701149425287
411	464.0	284.0	52.84552845528455	56.70731707317073	2.8169014084507045	97.1830985915493
412	468.0	292.0	52.4390243902439	55.487804878048784	1.36986301369863	98.63013698630137
413	396.0	340.0	59.756097560975604	48.170731707317074	72.94117647058823	27.058823529411764
414	476.0	356.0	51.6260162601626	45.73170731707317	97.75280898876404	2.247191011235955
415	456.0	296.0	53.65853658536586	54.87804878048781	9.45945945945946	90.54054054054053
416	472.0	296.0	52.03252032520326	54.87804878048781	10.81081081081081	89.1891891891892
417	456.0	284.0	53.65853658536586	56.70731707317073	5.633802816901409	94.36619718309859
418	452.0	348.0	54.0650406504065	46.95121951219512	88.50574712643679	11.494252873563218
419	472.0	300.0	52.03252032520326	54.268292682926834	1.3333333333333335	98.66666666666667
420	468.0	292.0	52.4390243902439	55.487804878048784	1.36986301369863	98.63013698630137
421	476.0	356.0	51.6260162601626	45.73170731707317	97.75280898876404	2.247191011235955
422	472.0	352.0	52.03252032520326	46.34146341463415	98.86363636363636	1.1363636363636365
423	476.0	356.0	51.6260162601626	45.73170731707317	97.75280898876404	2.247191011235955
424	440.0	344.0	55.28455284552846	47.5609756097561	89.53488372093024	10.465116279069768
425	452.0	296.0	54.0650406504065	54.87804878048781	9.45945945945946	90.54054054054053
426	468.0	288.0	52.4390243902439	56.09756097560976	4.166666666666666	95.83333333333334
427	400.0	344.0	59.34959349593496	47.5609756097561	72.09302325581395	27.906976744186046
428	384.0	352.0	60.97560975609756	46.34146341463415	59.09090909090909	40.909090909090914
429	384.0	328.0	60.97560975609756	50.0	67.07317073170732	32.926829268292686
430	464.0	288.0	52.84552845528455	56.09756097560976	2.7777777777777777	97.22222222222221
431	452.0	340.0	54.0650406504065	48.170731707317074	90.58823529411765	9.411764705882353
432	452.0	344.0	54.0650406504065	47.5609756097561	90.69767441860465	9.30232558139535
433	480.0	352.0	51.21951219512195	46.34146341463415	98.86363636363636	1.1363636363636365
434	460.0	284.0	53.2520325203252	56.70731707317073	5.633802816901409	94.36619718309859
435	492.0	352.0	50.0	46.34146341463415	100.0	0.0
436	460.0	292.0	53.2520325203252	55.487804878048784	10.95890410958904	89.04109589041096
437	428.0	288.0	56.50406504065041	56.09756097560976	19.444444444444446	80.55555555555556
438	400.0	328.0	59.34959349593496	50.0	43.90243902439025	56.09756097560976
439	452.0	344.0	54.0650406504065	47.5609756097561	93.02325581395348	6.976744186046512
440	464.0	288.0	52.84552845528455	56.09756097560976	6.944444444444445	93.05555555555556
441	484.0	352.0	50.81300813008131	46.34146341463415	98.86363636363636	1.1363636363636365
442	384.0	324.0	60.97560975609756	50.609756097560975	60.49382716049383	39.50617283950617
443	464.0	344.0	52.84552845528455	47.5609756097561	96.51162790697676	3.488372093023256
444	464.0	284.0	52.84552845528455	56.70731707317073	1.4084507042253522	98.59154929577466
445	460.0	292.0	53.2520325203252	55.487804878048784	6.8493150684931505	93.15068493150685
446	392.0	316.0	60.16260162601627	51.829268292682926	77.21518987341773	22.78481012658228
447	436.0	292.0	55.6910569105691	55.487804878048784	26.027397260273972	73.97260273972603
448	388.0	308.0	60.56910569105691	53.04878048780488	29.87012987012987	70.12987012987013
449	372.0	308.0	62.19512195121951	53.04878048780488	57.14285714285714	42.857142857142854
450	388.0	332.0	60.56910569105691	49.390243902439025	77.10843373493977	22.89156626506024
451	460.0	280.0	53.2520325203252	57.3170731707317	2.857142857142857	97.14285714285714
452	416.0	324.0	57.72357723577236	50.609756097560975	40.74074074074074	59.25925925925925
453	392.0	336.0	60.16260162601627	48.78048780487805	45.23809523809524	54.761904761904766
454	388.0	296.0	60.56910569105691	54.87804878048781	31.08108108108108	68.91891891891892
455	464.0	348.0	52.84552845528455	46.95121951219512	97.70114942528735	2.2988505747126435
456	484.0	348.0	50.81300813008131	46.95121951219512	100.0	0.0
457	484.0	348.0	50.81300813008131	46.95121951219512	100.0	0.0
458	476.0	356.0	51.6260162601626	45.73170731707317	97.75280898876404	2.247191011235955
459	472.0	348.0	52.03252032520326	46.95121951219512	98.85057471264368	1.1494252873563218
460	440.0	316.0	55.28455284552846	51.829268292682926	87.34177215189874	12.658227848101266
461	392.0	284.0	60.16260162601627	56.70731707317073	38.028169014084504	61.97183098591549
462	472.0	300.0	52.03252032520326	54.268292682926834	1.3333333333333335	98.66666666666667
463	372.0	316.0	62.19512195121951	51.829268292682926	55.69620253164557	44.303797468354425
464	472.0	360.0	52.03252032520326	45.1219512195122	95.55555555555556	4.444444444444445
465	472.0	292.0	52.03252032520326	55.487804878048784	1.36986301369863	98.63013698630137
466	484.0	348.0	50.81300813008131	46.95121951219512	100.0	0.0
467	448.0	292.0	54.47154471544715	55.487804878048784	15.068493150684931	84.93150684931507
468	464.0	340.0	52.84552845528455	48.170731707317074	90.58823529411765	9.411764705882353
469	476.0	352.0	51.6260162601626	46.34146341463415	98.86363636363636	1.1363636363636365
470	472.0	348.0	52.03252032520326	46.95121951219512	98.85057471264368	1.1494252873563218
471	364.0	316.0	63.00813008130082	51.829268292682926	40.50632911392405	59.49367088607595
472	456.0	336.0	53.65853658536586	48.78048780487805	92.85714285714286	7.142857142857142
473	460.0	292.0	53.2520325203252	55.487804878048784	6.8493150684931505	93.15068493150685
474	408.0	292.0	58.536585365853654	55.487804878048784	24.65753424657534	75.34246575342466
475	432.0	336.0	56.09756097560976	48.78048780487805	86.90476190476191	13.095238095238097
476	448.0	296.0	54.47154471544715	54.87804878048781	14.864864864864865	85.13513513513513
477	472.0	340.0	52.03252032520326	48.170731707317074	97.6470588235294	2.3529411764705883
478	424.0	304.0	56.91056910569105	53.65853658536586	15.789473684210526	84.21052631578947
479	444.0	284.0	54.87804878048781	56.70731707317073	16.901408450704224	83.09859154929578
480	480.0	300.0	51.21951219512195	54.268292682926834	1.3333333333333335	98.66666666666667
481	448.0	332.0	54.47154471544715	49.390243902439025	90.36144578313254	9.63855421686747
482	424.0	288.0	56.91056910569105	56.09756097560976	20.833333333333336	79.16666666666666
483	384.0	336.0	60.97560975609756	48.78048780487805	60.71428571428571	39.285714285714285
484	372.0	280.0	62.19512195121951	57.3170731707317	42.857142857142854	57.14285714285714
485	416.0	304.0	57.72357723577236	53.65853658536586	28.947368421052634	71.05263157894737
486	468.0	284.0	52.4390243902439	56.70731707317073	1.4084507042253522	98.59154929577466
487	452.0	296.0	54.0650406504065	54.87804878048781	8.108108108108109	91.8918918918919
488	468.0	344.0	52.4390243902439	47.5609756097561	96.51162790697676	3.488372093023256
489	436.0	340.0	55.6910569105691	48.170731707317074	89.41176470588236	10.588235294117647
490	448.0	340.0	54.47154471544715	48.170731707317074	92.94117647058823	7.0588235294117645
491	480.0	348.0	51.21951219512195	46.95121951219512	100.0	0.0
492	472.0	336.0	52.03252032520326	48.78048780487805	98.80952380952381	1.1904761904761905
493	396.0	300.0	59.756097560975604	54.268292682926834	26.666666666666668	73.33333333333333
494	472.0	296.0	52.03252032520326	54.87804878048781	1.3513513513513513	98.64864864864865
495	480.0	348.0	51.21951219512195	46.95121951219512	100.0	0.0
496	396.0	292.0	59.756097560975604	55.487804878048784	24.65753424657534	75.34246575342466
497	464.0	292.0	52.84552845528455	55.487804878048784	1.36986301369863	98.63013698630137
498	464.0	292.0	52.84552845528455	55.487804878048784	1.36986301369863	98.63013698630137
499	416.0	332.0	57.72357723577236	49.390243902439025	80.72289156626506	19.27710843373494
500	428.0	340.0	56.50406504065041	48.170731707317074	61.1764705882353	38.82352941176471
501	432.0	344.0	56.09756097560976	47.5609756097561	74.4186046511628	25.581395348837212
502	472.0	300.0	52.03252032520326	54.268292682926834	1.3333333333333335	98.66666666666667
503	372.0	308.0	62.19512195121951	53.04878048780488	36.36363636363637	63.63636363636363
504	460.0	352.0	53.2520325203252	46.34146341463415	93.18181818181817	6.8181818181818175
505	488.0	348.0	50.40650406504065	46.95121951219512	100.0	0.0
506	472.0	292.0	52.03252032520326	55.487804878048784	5.47945205479452	94.52054794520548
507	472.0	352.0	52.03252032520326	46.34146341463415	98.86363636363636	1.1363636363636365
508	460.0	292.0	53.2520325203252	55.487804878048784	2.73972602739726	97.26027397260275
509	388.0	344.0	60.56910569105691	47.5609756097561	45.348837209302324	54.65116279069767
510	452.0	356.0	54.0650406504065	45.73170731707317	87.64044943820225	12.359550561797752
511	436.0	292.0	55.6910569105691	55.487804878048784	15.068493150684931	84.93150684931507
512	444.0	332.0	54.87804878048781	49.390243902439025	86.74698795180723	13.253012048192772
513	368.0	320.0	62.601626016260155	51.21951219512195	50.0	50.0
514	460.0	284.0	53.2520325203252	56.70731707317073	1.4084507042253522	98.59154929577466
515	388.0	344.0	60.56910569105691	47.5609756097561	61.627906976744185	38.372093023255815
516	404.0	320.0	58.94308943089431	51.21951219512195	83.75	16.25
517	468.0	280.0	52.4390243902439	57.3170731707317	1.4285714285714286	98.57142857142858
518	436.0	300.0	55.6910569105691	54.268292682926834	17.333333333333336	82.66666666666667
519	484.0	348.0	50.81300813008131	46.95121951219512	100.0	0.0
520	376.0	348.0	61.78861788617886	46.95121951219512	64.36781609195403	35.63218390804598
521	452.0	292.0	54.0650406504065	55.487804878048784	15.068493150684931	84.93150684931507
522	428.0	288.0	56.50406504065041	56.09756097560976	20.833333333333336	79.16666666666666
523	368.0	304.0	62.601626016260155	53.65853658536586	52.63157894736842	47.368421052631575
524	448.0	300.0	54.47154471544715	54.268292682926834	16.0	84.0
525	388.0	332.0	60.56910569105691	49.390243902439025	55.42168674698795	44.57831325301205
526	428.0	296.0	56.50406504065041	54.87804878048781	24.324324324324326	75.67567567567568
527	464.0	292.0	52.84552845528455	55.487804878048784	1.36986301369863	98.63013698630137
528	432.0	336.0	56.09756097560976	48.78048780487805	86.90476190476191	13.095238095238097
529	428.0	308.0	56.50406504065041	53.04878048780488	20.77922077922078	79.22077922077922
530	484.0	348.0	50.81300813008131	46.95121951219512	100.0	0.0
531	472.0	352.0	52.03252032520326	46.34146341463415	98.86363636363636	1.1363636363636365
532	416.0	280.0	57.72357723577236	57.3170731707317	18.571428571428573	81.42857142857143
533	420.0	324.0	57.3170731707317	50.609756097560975	82.71604938271605	17.28395061728395
534	480.0	300.0	51.21951219512195	54.268292682926834	1.3333333333333335	98.66666666666667
535	468.0	348.0	52.4390243902439	46.95121951219512	94.25287356321839	5.747126436781609
536	420.0	284.0	57.3170731707317	56.70731707317073	19.718309859154928	80.28169014084507
537	364.0	316.0	63.00813008130082	51.829268292682926	46.835443037974684	53.16455696202531
538	424.0	316.0	56.91056910569105	51.829268292682926	27.848101265822784	72.15189873417721
539	396.0	300.0	59.756097560975604	54.268292682926834	26.666666666666668	73.33333333333333
540	376.0	352.0	61.78861788617886	46.34146341463415	59.09090909090909	40.909090909090914
541	384.0	336.0	60.97560975609756	48.78048780487805	63.095238095238095	36.904761904761905
542	424.0	288.0	56.91056910569105	56.09756097560976	13.88888888888889	86.11111111111111
543	472.0	284.0	52.03252032520326	56.70731707317073	4.225352112676056	95.77464788732394
544	436.0	284.0	55.6910569105691	56.70731707317073	11.267605633802818	88.73239436619718
545	368.0	320.0	62.601626016260155	51.21951219512195	56.25	43.75
546	380.0	364.0	61.382113821138205	44.51219512195122	73.62637362637363	26.373626373626376
547	464.0	288.0	52.84552845528455	56.09756097560976	2.7777777777777777	97.22222222222221
548	444.0	288.0	54.87804878048781	56.09756097560976	18.055555555555554	81.94444444444444
549	444.0	288.0	54.87804878048781	56.09756097560976	18.055555555555554	81.94444444444444
550	472.0	296.0	52.03252032520326	54.87804878048781	1.3513513513513513	98.64864864864865
551	464.0	340.0	52.84552845528455	48.170731707317074	95.29411764705881	4.705882352941177
552	472.0	284.0	52.03252032520326	56.70731707317073	1.4084507042253522	98.59154929577466
553	472.0	348.0	52.03252032520326	46.95121951219512	96.55172413793103	3.4482758620689653
554	424.0	328.0	56.91056910569105	50.0	84.14634146341463	15.853658536585366
555	476.0	300.0	51.6260162601626	54.268292682926834	1.3333333333333335	98.66666666666667
556	448.0	336.0	54.47154471544715	48.78048780487805	90.47619047619048	9.523809523809524
557	472.0	300.0	52.03252032520326	54.268292682926834	1.3333333333333335	98.66666666666667
558	376.0	348.0	61.78861788617886	46.95121951219512	65.51724137931035	34.48275862068966
559	432.0	284.0	56.09756097560976	56.70731707317073	19.718309859154928	80.28169014084507
560	472.0	284.0	52.03252032520326	56.70731707317073	1.4084507042253522	98.59154929577466
561	440.0	288.0	55.28455284552846	56.09756097560976	18.055555555555554	81.94444444444444
562	480.0	352.0	51.21951219512195	46.34146341463415	98.86363636363636	1.1363636363636365
563	448.0	340.0	54.47154471544715	48.170731707317074	90.58823529411765	9.411764705882353
564	416.0	332.0	57.72357723577236	49.390243902439025	71.08433734939759	28.915662650602407
565	420.0	292.0	57.3170731707317	55.487804878048784	19.17808219178082	80.82191780821918
566	416.0	344.0	57.72357723577236	47.5609756097561	88.37209302325581	11.627906976744185
567	400.0	296.0	59.34959349593496	54.87804878048781	28.37837837837838	71.62162162162163
568	352.0	320.0	64.22764227642277	51.21951219512195	47.5	52.5
569	468.0	292.0	52.4390243902439	55.487804878048784	1.36986301369863	98.63013698630137
570	444.0	288.0	54.87804878048781	56.09756097560976	12.5	87.5
571	464.0	348.0	52.84552845528455	46.95121951219512	94.25287356321839	5.747126436781609
572	472.0	352.0	52.03252032520326	46.34146341463415	98.86363636363636	1.1363636363636365
573	368.0	300.0	62.601626016260155	54.268292682926834	38.666666666666664	61.33333333333333
574	484.0	352.0	50.81300813008131	46.34146341463415	98.86363636363636	1.1363636363636365
575	444.0	344.0	54.87804878048781	47.5609756097561	89.53488372093024	10.465116279069768
576	380.0	300.0	61.382113821138205	54.268292682926834	32.0	68.0
577	448.0	296.0	54.47154471544715	54.87804878048781	16.216216216216218	83.78378378378379
578	412.0	320.0	58.13008130081301	51.21951219512195	41.25	58.75
579	460.0	348.0	53.2520325203252	46.95121951219512	94.25287356321839	5.747126436781609
580	448.0	288.0	54.47154471544715	56.09756097560976	12.5	87.5
581	384.0	300.0	60.97560975609756	54.268292682926834	29.333333333333332	70.66666666666667
582	380.0	356.0	61.382113821138205	45.73170731707317	70.78651685393258	29.213483146067414
583	408.0	336.0	58.536585365853654	48.78048780487805	69.04761904761905	30.952380952380953
584	380.0	352.0	61.382113821138205	46.34146341463415	63.63636363636363	36.36363636363637
585	476.0	300.0	51.6260162601626	54.268292682926834	1.3333333333333335	98.66666666666667
586	436.0	292.0	55.6910569105691	55.487804878048784	13.698630136986301	86.3013698630137
587	456.0	348.0	53.65853658536586	46.95121951219512	91.95402298850574	8.045977011494253
588	480.0	348.0	51.21951219512195	46.95121951219512	100.0	0.0
589	404.0	328.0	58.94308943089431	50.0	73.17073170731707	26.82926829268293
590	480.0	300.0	51.21951219512195	54.268292682926834	0.0	100.0
591	456.0	288.0	53.65853658536586	56.09756097560976	13.88888888888889	86.11111111111111
592	380.0	344.0	61.382113821138205	47.5609756097561	61.627906976744185	38.372093023255815
593	476.0	356.0	51.6260162601626	45.73170731707317	97.75280898876404	2.247191011235955
594	480.0	352.0	51.21951219512195	46.34146341463415	98.86363636363636	1.1363636363636365
595	460.0	336.0	53.2520325203252	48.78048780487805	91.66666666666666	8.333333333333332
596	472.0	352.0	52.03252032520326	46.34146341463415	97.72727272727273	2.272727272727273
597	380.0	340.0	61.382113821138205	48.170731707317074	77.64705882352942	22.35294117647059
598	408.0	288.0	58.536585365853654	56.09756097560976	20.833333333333336	79.16666666666666
599	460.0	348.0	53.2520325203252	46.95121951219512	94.25287356321839	5.747126436781609
600	460.0	340.0	53.2520325203252	48.170731707317074	94.11764705882352	5.88235294117647
601	456.0	348.0	53.65853658536586	46.95121951219512	90.80459770114942	9.195402298850574
602	368.0	352.0	62.601626016260155	46.34146341463415	52.27272727272727	47.72727272727273
603	480.0	352.0	51.21951219512195	46.34146341463415	98.86363636363636	1.1363636363636365
604	464.0	348.0	52.84552845528455	46.95121951219512	94.25287356321839	5.747126436781609
605	412.0	328.0	58.13008130081301	50.0	70.73170731707317	29.268292682926827
606	396.0	336.0	59.756097560975604	48.78048780487805	65.47619047619048	34.523809523809526
607	460.0	320.0	53.2520325203252	51.21951219512195	15.0	85.0
608	400.0	344.0	59.34959349593496	47.5609756097561	82.55813953488372	17.441860465116278
609	464.0	288.0	52.84552845528455	56.09756097560976	1.3888888888888888	98.61111111111111
610	464.0	288.0	52.84552845528455	56.09756097560976	1.3888888888888888	98.61111111111111
611	448.0	356.0	54.47154471544715	45.73170731707317	89.8876404494382	10.112359550561797
612	424.0	340.0	56.91056910569105	48.170731707317074	84.70588235294117	15.294117647058824
613	464.0	348.0	52.84552845528455	46.95121951219512	93.10344827586206	6.896551724137931
614	492.0	352.0	50.0	46.34146341463415	100.0	0.0
615	444.0	292.0	54.87804878048781	55.487804878048784	15.068493150684931	84.93150684931507
616	368.0	312.0	62.601626016260155	52.4390243902439	47.43589743589743	52.56410256410257
617	460.0	288.0	53.2520325203252	56.09756097560976	9.722222222222223	90.27777777777779
618	392.0	324.0	60.16260162601627	50.609756097560975	54.32098765432099	45.67901234567901
619	404.0	284.0	58.94308943089431	56.70731707317073	25.352112676056336	74.64788732394366
620	372.0	356.0	62.19512195121951	45.73170731707317	62.92134831460674	37.07865168539326
621	392.0	324.0	60.16260162601627	50.609756097560975	38.2716049382716	61.72839506172839
622	468.0	344.0	52.4390243902439	47.5609756097561	96.51162790697676	3.488372093023256
623	396.0	316.0	59.756097560975604	51.829268292682926	41.77215189873418	58.22784810126582
624	472.0	340.0	52.03252032520326	48.170731707317074	98.82352941176471	1.1764705882352942
625	368.0	352.0	62.601626016260155	46.34146341463415	68.18181818181817	31.818181818181817
626	396.0	292.0	59.756097560975604	55.487804878048784	43.83561643835616	56.16438356164384
627	452.0	288.0	54.0650406504065	56.09756097560976	8.333333333333332	91.66666666666666
628	464.0	340.0	52.84552845528455	48.170731707317074	95.29411764705881	4.705882352941177
629	456.0	284.0	53.65853658536586	56.70731707317073	8.450704225352112	91.54929577464789
630	416.0	280.0	57.72357723577236	57.3170731707317	17.142857142857142	82.85714285714286
631	412.0	280.0	58.13008130081301	57.3170731707317	20.0	80.0
632	400.0	344.0	59.34959349593496	47.5609756097561	60.46511627906976	39.53488372093023
633	420.0	328.0	57.3170731707317	50.0	86.58536585365853	13.414634146341465
634	476.0	352.0	51.6260162601626	46.34146341463415	98.86363636363636	1.1363636363636365
635	432.0	284.0	56.09756097560976	56.70731707317073	29.577464788732392	70.4225352112676
636	448.0	300.0	54.47154471544715	54.268292682926834	13.333333333333334	86.66666666666667
637	472.0	292.0	52.03252032520326	55.487804878048784	1.36986301369863	98.63013698630137
638	472.0	352.0	52.03252032520326	46.34146341463415	97.72727272727273	2.272727272727273
639	472.0	356.0	52.03252032520326	45.73170731707317	97.75280898876404	2.247191011235955
640	476.0	356.0	51.6260162601626	45.73170731707317	97.75280898876404	2.247191011235955
641	428.0	304.0	56.50406504065041	53.65853658536586	38.15789473684211	61.8421052631579
642	456.0	340.0	53.65853658536586	48.170731707317074	90.58823529411765	9.411764705882353
643	440.0	344.0	55.28455284552846	47.5609756097561	89.53488372093024	10.465116279069768
644	460.0	348.0	53.2520325203252	46.95121951219512	94.25287356321839	5.747126436781609
645	444.0	332.0	54.87804878048781	49.390243902439025	87.95180722891565	12.048192771084338
646	468.0	364.0	52.4390243902439	44.51219512195122	95.6043956043956	4.395604395604396
647	404.0	336.0	58.94308943089431	48.78048780487805	82.14285714285714	17.857142857142858
648	444.0	284.0	54.87804878048781	56.70731707317073	9.859154929577464	90.14084507042254
649	444.0	336.0	54.87804878048781	48.78048780487805	92.85714285714286	7.142857142857142
650	480.0	352.0	51.21951219512195	46.34146341463415	98.86363636363636	1.1363636363636365
651	420.0	332.0	57.3170731707317	49.390243902439025	61.44578313253012	38.55421686746988
652	464.0	348.0	52.84552845528455	46.95121951219512	91.95402298850574	8.045977011494253
653	448.0	288.0	54.47154471544715	56.09756097560976	13.88888888888889	86.11111111111111
654	376.0	352.0	61.78861788617886	46.34146341463415	57.95454545454546	42.04545454545455
655	452.0	292.0	54.0650406504065	55.487804878048784	9.58904109589041	90.41095890410958
656	372.0	364.0	62.19512195121951	44.51219512195122	63.73626373626373	36.26373626373626
657	408.0	340.0	58.536585365853654	48.170731707317074	82.35294117647058	17.647058823529413
658	388.0	332.0	60.56910569105691	49.390243902439025	62.65060240963856	37.34939759036144
659	380.0	296.0	61.382113821138205	54.87804878048781	33.78378378378378	66.21621621621621
660	440.0	296.0	55.28455284552846	54.87804878048781	18.91891891891892	81.08108108108108
661	476.0	296.0	51.6260162601626	54.87804878048781	10.81081081081081	89.1891891891892
662	380.0	308.0	61.382113821138205	53.04878048780488	40.25974025974026	59.74025974025974
663	464.0	292.0	52.84552845528455	55.487804878048784	2.73972602739726	97.26027397260275
664	432.0	296.0	56.09756097560976	54.87804878048781	16.216216216216218	83.78378378378379
665	444.0	336.0	54.87804878048781	48.78048780487805	92.85714285714286	7.142857142857142
666	428.0	328.0	56.50406504065041	50.0	86.58536585365853	13.414634146341465
667	464.0	288.0	52.84552845528455	56.09756097560976	6.944444444444445	93.05555555555556
668	376.0	336.0	61.78861788617886	48.78048780487805	54.761904761904766	45.23809523809524
669	468.0	292.0	52.4390243902439	55.487804878048784	2.73972602739726	97.26027397260275
670	368.0	328.0	62.601626016260155	50.0	48.78048780487805	51.21951219512195
671	476.0	356.0	51.6260162601626	45.73170731707317	97.75280898876404	2.247191011235955
672	448.0	340.0	54.47154471544715	48.170731707317074	89.41176470588236	10.588235294117647
673	448.0	292.0	54.47154471544715	55.487804878048784	13.698630136986301	86.3013698630137
674	368.0	352.0	62.601626016260155	46.34146341463415	52.27272727272727	47.72727272727273
675	372.0	308.0	62.19512195121951	53.04878048780488	37.66233766233766	62.33766233766234
676	412.0	336.0	58.13008130081301	48.78048780487805	63.095238095238095	36.904761904761905
677	384.0	300.0	60.97560975609756	54.268292682926834	32.0	68.0
678	480.0	352.0	51.21951219512195	46.34146341463415	98.86363636363636	1.1363636363636365
679	448.0	356.0	54.47154471544715	45.73170731707317	88.76404494382022	11.235955056179774
680	400.0	336.0	59.34959349593496	48.78048780487805	78.57142857142857	21.428571428571427
681	456.0	292.0	53.65853658536586	55.487804878048784	13.698630136986301	86.3013698630137
682	404.0	288.0	58.94308943089431	56.09756097560976	22.22222222222222	77.77777777777779
683	392.0	324.0	60.16260162601627	50.609756097560975	43.20987654320987	56.79012345679012
684	408.0	288.0	58.536585365853654	56.09756097560976	18.055555555555554	81.94444444444444
685	464.0	276.0	52.84552845528455	57.92682926829268	5.797101449275362	94.20289855072464
686	460.0	292.0	53.2520325203252	55.487804878048784	12.32876712328767	87.67123287671232
687	404.0	288.0	58.94308943089431	56.09756097560976	16.666666666666664	83.33333333333334
688	472.0	336.0	52.03252032520326	48.78048780487805	97.61904761904762	2.380952380952381
689	420.0	344.0	57.3170731707317	47.5609756097561	74.4186046511628	25.581395348837212
690	476.0	348.0	51.6260162601626	46.95121951219512	97.70114942528735	2.2988505747126435
691	372.0	352.0	62.19512195121951	46.34146341463415	59.09090909090909	40.909090909090914
692	420.0	304.0	57.3170731707317	53.65853658536586	30.263157894736842	69.73684210526315
693	448.0	340.0	54.47154471544715	48.170731707317074	92.94117647058823	7.0588235294117645
694	440.0	340.0	55.28455284552846	48.170731707317074	90.58823529411765	9.411764705882353
695	412.0	352.0	58.13008130081301	46.34146341463415	77.27272727272727	22.727272727272727
696	472.0	300.0	52.03252032520326	54.268292682926834	1.3333333333333335	98.66666666666667
697	448.0	340.0	54.47154471544715	48.170731707317074	92.94117647058823	7.0588235294117645
698	420.0	304.0	57.3170731707317	53.65853658536586	30.263157894736842	69.73684210526315
699	468.0	284.0	52.4390243902439	56.70731707317073	1.4084507042253522	98.59154929577466
700	480.0	348.0	51.21951219512195	46.95121951219512	100.0	0.0
701	472.0	352.0	52.03252032520326	46.34146341463415	98.86363636363636	1.1363636363636365
702	484.0	348.0	50.81300813008131	46.95121951219512	100.0	0.0
703	436.0	292.0	55.6910569105691	55.487804878048784	15.068493150684931	84.93150684931507
704	468.0	348.0	52.4390243902439	46.95121951219512	93.10344827586206	6.896551724137931
705	456.0	348.0	53.65853658536586	46.95121951219512	90.80459770114942	9.195402298850574
706	468.0	352.0	52.4390243902439	46.34146341463415	96.5909090909091	3.4090909090909087
707	476.0	284.0	51.6260162601626	56.70731707317073	2.8169014084507045	97.1830985915493
708	472.0	292.0	52.03252032520326	55.487804878048784	1.36986301369863	98.63013698630137
709	432.0	320.0	56.09756097560976	51.21951219512195	73.75	26.25
710	472.0	300.0	52.03252032520326	54.268292682926834	1.3333333333333335	98.66666666666667
711	468.0	348.0	52.4390243902439	46.95121951219512	96.55172413793103	3.4482758620689653
712	380.0	356.0	61.382113821138205	45.73170731707317	73.03370786516854	26.96629213483146
713	448.0	356.0	54.47154471544715	45.73170731707317	92.13483146067416	7.865168539325842
714	472.0	300.0	52.03252032520326	54.268292682926834	1.3333333333333335	98.66666666666667
715	432.0	308.0	56.09756097560976	53.04878048780488	87.01298701298701	12.987012987012985
716	464.0	292.0	52.84552845528455	55.487804878048784	1.36986301369863	98.63013698630137
717	468.0	344.0	52.4390243902439	47.5609756097561	97.67441860465115	2.3255813953488373
718	404.0	344.0	58.94308943089431	47.5609756097561	63.95348837209303	36.04651162790697
719	448.0	340.0	54.47154471544715	48.170731707317074	92.94117647058823	7.0588235294117645
720	368.0	328.0	62.601626016260155	50.0	50.0	50.0
721	392.0	320.0	60.16260162601627	51.21951219512195	50.0	50.0
722	400.0	316.0	59.34959349593496	51.829268292682926	39.24050632911392	60.75949367088608
723	476.0	348.0	51.6260162601626	46.95121951219512	100.0	0.0
724	436.0	340.0	55.6910569105691	48.170731707317074	84.70588235294117	15.294117647058824
725	464.0	288.0	52.84552845528455	56.09756097560976	8.333333333333332	91.66666666666666
726	412.0	288.0	58.13008130081301	56.09756097560976	22.22222222222222	77.77777777777779
727	468.0	288.0	52.4390243902439	56.09756097560976	2.7777777777777777	97.22222222222221
728	480.0	352.0	51.21951219512195	46.34146341463415	98.86363636363636	1.1363636363636365
729	392.0	336.0	60.16260162601627	48.78048780487805	80.95238095238095	19.047619047619047
730	464.0	352.0	52.84552845528455	46.34146341463415	96.5909090909091	3.4090909090909087
731	440.0	296.0	55.28455284552846	54.87804878048781	6.756756756756757	93.24324324324324
732	484.0	348.0	50.81300813008131	46.95121951219512	100.0	0.0
733	468.0	292.0	52.4390243902439	55.487804878048784	1.36986301369863	98.63013698630137
734	408.0	280.0	58.536585365853654	57.3170731707317	20.0	80.0
735	404.0	324.0	58.94308943089431	50.609756097560975	83.9506172839506	16.049382716049383
736	448.0	296.0	54.47154471544715	54.87804878048781	13.513513513513514	86.48648648648648
737	432.0	332.0	56.09756097560976	49.390243902439025	69.87951807228916	30.120481927710845
738	456.0	304.0	53.65853658536586	53.65853658536586	18.421052631578945	81.57894736842105
739	460.0	292.0	53.2520325203252	55.487804878048784	10.95890410958904	89.04109589041096
740	456.0	284.0	53.65853658536586	56.70731707317073	4.225352112676056	95.77464788732394
741	476.0	348.0	51.6260162601626	46.95121951219512	100.0	0.0
742	444.0	344.0	54.87804878048781	47.5609756097561	89.53488372093024	10.465116279069768
743	448.0	292.0	54.47154471544715	55.487804878048784	13.698630136986301	86.3013698630137
744	456.0	344.0	53.65853658536586	47.5609756097561	93.02325581395348	6.976744186046512
745	396.0	292.0	59.756097560975604	55.487804878048784	28.767123287671232	71.23287671232876
746	420.0	344.0	57.3170731707317	47.5609756097561	75.5813953488372	24.418604651162788
747	408.0	336.0	58.536585365853654	48.78048780487805	46.42857142857143	53.57142857142857
748	472.0	352.0	52.03252032520326	46.34146341463415	97.72727272727273	2.272727272727273
749	436.0	288.0	55.6910569105691	56.09756097560976	13.88888888888889	86.11111111111111
750	472.0	300.0	52.03252032520326	54.268292682926834	1.3333333333333335	98.66666666666667
751	476.0	352.0	51.6260162601626	46.34146341463415	98.86363636363636	1.1363636363636365
752	432.0	328.0	56.09756097560976	50.0	85.36585365853658	14.634146341463413
753	404.0	320.0	58.94308943089431	51.21951219512195	72.5	27.500000000000004
754	476.0	288.0	51.6260162601626	56.09756097560976	4.166666666666666	95.83333333333334
755	384.0	344.0	60.97560975609756	47.5609756097561	60.46511627906976	39.53488372093023
756	428.0	364.0	56.50406504065041	44.51219512195122	83.51648351648352	16.483516483516482
757	456.0	348.0	53.65853658536586	46.95121951219512	94.25287356321839	5.747126436781609
758	452.0	288.0	54.0650406504065	56.09756097560976	5.555555555555555	94.44444444444444
759	452.0	296.0	54.0650406504065	54.87804878048781	12.162162162162163	87.83783783783784
760	468.0	352.0	52.4390243902439	46.34146341463415	94.31818181818183	5.681818181818182
761	448.0	340.0	54.47154471544715	48.170731707317074	92.94117647058823	7.0588235294117645
762	412.0	308.0	58.13008130081301	53.04878048780488	35.064935064935064	64.93506493506493
763	436.0	356.0	55.6910569105691	45.73170731707317	88.76404494382022	11.235955056179774
764	376.0	352.0	61.78861788617886	46.34146341463415	51.13636363636363	48.86363636363637
765	420.0	296.0	57.3170731707317	54.87804878048781	36.486486486486484	63.51351351351351
766	352.0	300.0	64.22764227642277	54.268292682926834	42.66666666666667	57.333333333333336
767	380.0	352.0	61.382113821138205	46.34146341463415	75.0	25.0
768	424.0	292.0	56.91056910569105	55.487804878048784	35.61643835616438	64.38356164383562
769	448.0	344.0	54.47154471544715	47.5609756097561	93.02325581395348	6.976744186046512
770	452.0	348.0	54.0650406504065	46.95121951219512	90.80459770114942	9.195402298850574
771	392.0	292.0	60.16260162601627	55.487804878048784	30.136986301369863	69.86301369863014
772	400.0	336.0	59.34959349593496	48.78048780487805	84.52380952380952	15.476190476190476
773	448.0	348.0	54.47154471544715	46.95121951219512	89.65517241379311	10.344827586206897
774	436.0	352.0	55.6910569105691	46.34146341463415	89.77272727272727	10.227272727272728
775	396.0	324.0	59.756097560975604	50.609756097560975	71.60493827160494	28.39506172839506
776	388.0	300.0	60.56910569105691	54.268292682926834	32.0	68.0
777	480.0	356.0	51.21951219512195	45.73170731707317	97.75280898876404	2.247191011235955
778	420.0	336.0	57.3170731707317	48.78048780487805	85.71428571428571	14.285714285714285
779	448.0	344.0	54.47154471544715	47.5609756097561	93.02325581395348	6.976744186046512
780	424.0	300.0	56.91056910569105	54.268292682926834	18.666666666666668	81.33333333333333
781	420.0	344.0	57.3170731707317	47.5609756097561	87.20930232558139	12.790697674418606
782	476.0	284.0	51.6260162601626	56.70731707317073	1.4084507042253522	98.59154929577466
783	460.0	292.0	53.2520325203252	55.487804878048784	2.73972602739726	97.26027397260275
784	384.0	296.0	60.97560975609756	54.87804878048781	35.13513513513514	64.86486486486487
785	468.0	288.0	52.4390243902439	56.09756097560976	1.3888888888888888	98.61111111111111
786	456.0	292.0	53.65853658536586	55.487804878048784	10.95890410958904	89.04109589041096
787	368.0	296.0	62.601626016260155	54.87804878048781	43.24324324324324	56.75675675675676
788	384.0	292.0	60.97560975609756	55.487804878048784	34.24657534246575	65.75342465753424
789	492.0	352.0	50.0	46.34146341463415	100.0	0.0
790	464.0	344.0	52.84552845528455	47.5609756097561	96.51162790697676	3.488372093023256
791	460.0	344.0	53.2520325203252	47.5609756097561	93.02325581395348	6.976744186046512
792	460.0	352.0	53.2520325203252	46.34146341463415	93.18181818181817	6.8181818181818175
793	440.0	348.0	55.28455284552846	46.95121951219512	88.50574712643679	11.494252873563218
794	472.0	300.0	52.03252032520326	54.268292682926834	1.3333333333333335	98.66666666666667
795	372.0	348.0	62.19512195121951	46.95121951219512	59.77011494252874	40.229885057471265
796	400.0	276.0	59.34959349593496	57.92682926829268	24.637681159420293	75.36231884057972
797	392.0	332.0	60.16260162601627	49.390243902439025	65.06024096385542	34.93975903614458
798	376.0	292.0	61.78861788617886	55.487804878048784	49.31506849315068	50.68493150684932
799	468.0	288.0	52.4390243902439	56.09756097560976	5.555555555555555	94.44444444444444
800	472.0	300.0	52.03252032520326	54.268292682926834	1.3333333333333335	98.66666666666667
801	424.0	292.0	56.91056910569105	55.487804878048784	16.43835616438356	83.56164383561644
802	476.0	352.0	51.6260162601626	46.34146341463415	98.86363636363636	1.1363636363636365
803	416.0	348.0	57.72357723577236	46.95121951219512	85.0574712643678	14.942528735632186
804	464.0	296.0	52.84552845528455	54.87804878048781	4.054054054054054	95.94594594594594
805	464.0	288.0	52.84552845528455	56.09756097560976	1.3888888888888888	98.61111111111111
806	392.0	308.0	60.16260162601627	53.04878048780488	32.467532467532465	67.53246753246754
807	368.0	296.0	62.601626016260155	54.87804878048781	47.2972972972973	52.702702702702695
808	420.0	288.0	57.3170731707317	56.09756097560976	29.166666666666668	70.83333333333334
809	448.0	344.0	54.47154471544715	47.5609756097561	93.02325581395348	6.976744186046512
810	432.0	336.0	56.09756097560976	48.78048780487805	89.28571428571429	10.714285714285714
811	452.0	292.0	54.0650406504065	55.487804878048784	10.95890410958904	89.04109589041096
812	468.0	284.0	52.4390243902439	56.70731707317073	2.8169014084507045	97.1830985915493
813	476.0	348.0	51.6260162601626	46.95121951219512	100.0	0.0
814	376.0	304.0	61.78861788617886	53.65853658536586	40.78947368421053	59.210526315789465
815	468.0	284.0	52.4390243902439	56.70731707317073	5.633802816901409	94.36619718309859
816	376.0	348.0	61.78861788617886	46.95121951219512	62.06896551724138	37.93103448275862
817	420.0	288.0	57.3170731707317	56.09756097560976	15.277777777777779	84.72222222222221
818	416.0	276.0	57.72357723577236	57.92682926829268	20.28985507246377	79.71014492753623
819	400.0	320.0	59.34959349593496	51.21951219512195	41.25	58.75
820	480.0	352.0	51.21951219512195	46.34146341463415	98.86363636363636	1.1363636363636365
821	480.0	352.0	51.21951219512195	46.34146341463415	98.86363636363636	1.1363636363636365
822	428.0	340.0	56.50406504065041	48.170731707317074	87.05882352941177	12.941176470588237
823	400.0	284.0	59.34959349593496	56.70731707317073	25.352112676056336	74.64788732394366
824	404.0	300.0	58.94308943089431	54.268292682926834	22.666666666666664	77.33333333333333
825	424.0	340.0	56.91056910569105	48.170731707317074	76.47058823529412	23.52941176470588
826	452.0	344.0	54.0650406504065	47.5609756097561	90.69767441860465	9.30232558139535
827	448.0	344.0	54.47154471544715	47.5609756097561	90.69767441860465	9.30232558139535
828	396.0	320.0	59.756097560975604	51.21951219512195	68.75	31.25
829	416.0	300.0	57.72357723577236	54.268292682926834	24.0	76.0
830	448.0	344.0	54.47154471544715	47.5609756097561	91.86046511627907	8.13953488372093
831	468.0	344.0	52.4390243902439	47.5609756097561	97.67441860465115	2.3255813953488373
832	472.0	348.0	52.03252032520326	46.95121951219512	98.85057471264368	1.1494252873563218
833	480.0	352.0	51.21951219512195	46.34146341463415	98.86363636363636	1.1363636363636365
834	400.0	304.0	59.34959349593496	53.65853658536586	39.473684210526315	60.526315789473685
835	448.0	352.0	54.47154471544715	46.34146341463415	92.04545454545455	7.954545454545454
836	440.0	288.0	55.28455284552846	56.09756097560976	9.722222222222223	90.27777777777779
837	372.0	280.0	62.19512195121951	57.3170731707317	32.857142857142854	67.14285714285714
838	404.0	332.0	58.94308943089431	49.390243902439025	81.92771084337349	18.072289156626507
839	372.0	312.0	62.19512195121951	52.4390243902439	50.0	50.0
840	372.0	344.0	62.19512195121951	47.5609756097561	55.81395348837209	44.18604651162791
841	416.0	312.0	57.72357723577236	52.4390243902439	42.30769230769231	57.692307692307686
842	472.0	340.0	52.03252032520326	48.170731707317074	97.6470588235294	2.3529411764705883
843	396.0	324.0	59.756097560975604	50.609756097560975	44.44444444444444	55.55555555555556
844	392.0	320.0	60.16260162601627	51.21951219512195	46.25	53.75
845	384.0	316.0	60.97560975609756	51.829268292682926	54.43037974683544	45.56962025316456
846	384.0	300.0	60.97560975609756	54.268292682926834	29.333333333333332	70.66666666666667
847	464.0	292.0	52.84552845528455	55.487804878048784	6.8493150684931505	93.15068493150685
848	420.0	296.0	57.3170731707317	54.87804878048781	24.324324324324326	75.67567567567568
849	368.0	296.0	62.601626016260155	54.87804878048781	37.83783783783784	62.16216216216216
850	468.0	280.0	52.4390243902439	57.3170731707317	2.857142857142857	97.14285714285714
851	452.0	348.0	54.0650406504065	46.95121951219512	93.10344827586206	6.896551724137931
852	444.0	284.0	54.87804878048781	56.70731707317073	12.676056338028168	87.32394366197182
853	376.0	340.0	61.78861788617886	48.170731707317074	62.35294117647059	37.64705882352941
854	404.0	300.0	58.94308943089431	54.268292682926834	33.33333333333333	66.66666666666666
855	428.0	368.0	56.50406504065041	43.90243902439025	79.34782608695652	20.652173913043477
856	436.0	284.0	55.6910569105691	56.70731707317073	14.084507042253522	85.91549295774648
857	372.0	324.0	62.19512195121951	50.609756097560975	75.30864197530865	24.691358024691358
858	380.0	308.0	61.382113821138205	53.04878048780488	45.45454545454545	54.54545454545454
859	432.0	284.0	56.09756097560976	56.70731707317073	16.901408450704224	83.09859154929578
860	460.0	296.0	53.2520325203252	54.87804878048781	12.162162162162163	87.83783783783784
861	380.0	328.0	61.382113821138205	50.0	80.48780487804879	19.51219512195122
862	428.0	344.0	56.50406504065041	47.5609756097561	79.06976744186046	20.930232558139537
863	392.0	340.0	60.16260162601627	48.170731707317074	63.52941176470588	36.470588235294116
864	476.0	300.0	51.6260162601626	54.268292682926834	1.3333333333333335	98.66666666666667
865	416.0	336.0	57.72357723577236	48.78048780487805	88.09523809523809	11.904761904761903
866	480.0	352.0	51.21951219512195	46.34146341463415	98.86363636363636	1.1363636363636365
867	484.0	352.0	50.81300813008131	46.34146341463415	98.86363636363636	1.1363636363636365
868	472.0	284.0	52.03252032520326	56.70731707317073	2.8169014084507045	97.1830985915493
869	424.0	340.0	56.91056910569105	48.170731707317074	84.70588235294117	15.294117647058824
870	456.0	288.0	53.65853658536586	56.09756097560976	8.333333333333332	91.66666666666666
871	472.0	292.0	52.03252032520326	55.487804878048784	1.36986301369863	98.63013698630137
872	424.0	316.0	56.91056910569105	51.829268292682926	73.41772151898735	26.582278481012654
873	408.0	316.0	58.536585365853654	51.829268292682926	69.62025316455697	30.37974683544304
874	388.0	276.0	60.56910569105691	57.92682926829268	26.08695652173913	73.91304347826086
875	472.0	356.0	52.03252032520326	45.73170731707317	95.50561797752809	4.49438202247191
876	464.0	288.0	52.84552845528455	56.09756097560976	5.555555555555555	94.44444444444444
877	376.0	344.0	61.78861788617886	47.5609756097561	74.4186046511628	25.581395348837212
878	476.0	300.0	51.6260162601626	54.268292682926834	1.3333333333333335	98.66666666666667
879	408.0	300.0	58.536585365853654	54.268292682926834	38.666666666666664	61.33333333333333
880	444.0	288.0	54.87804878048781	56.09756097560976	9.722222222222223	90.27777777777779
881	480.0	352.0	51.21951219512195	46.34146341463415	98.86363636363636	1.1363636363636365
882	360.0	348.0	63.41463414634146	46.95121951219512	78.16091954022988	21.839080459770116
883	376.0	300.0	61.78861788617886	54.268292682926834	34.66666666666667	65.33333333333333
884	444.0	280.0	54.87804878048781	57.3170731707317	7.142857142857142	92.85714285714286
885	400.0	324.0	59.34959349593496	50.609756097560975	74.07407407407408	25.925925925925924
886	444.0	340.0	54.87804878048781	48.170731707317074	91.76470588235294	8.235294117647058
887	464.0	288.0	52.84552845528455	56.09756097560976	1.3888888888888888	98.61111111111111
888	480.0	352.0	51.21951219512195	46.34146341463415	98.86363636363636	1.1363636363636365
889	464.0	284.0	52.84552845528455	56.70731707317073	1.4084507042253522	98.59154929577466
890	468.0	288.0	52.4390243902439	56.09756097560976	8.333333333333332	91.66666666666666
891	444.0	336.0	54.87804878048781	48.78048780487805	92.85714285714286	7.142857142857142
892	472.0	300.0	52.03252032520326	54.268292682926834	1.3333333333333335	98.66666666666667
893	408.0	344.0	58.536585365853654	47.5609756097561	69.76744186046511	30.23255813953488
894	464.0	348.0	52.84552845528455	46.95121951219512	94.25287356321839	5.747126436781609
895	412.0	288.0	58.13008130081301	56.09756097560976	20.833333333333336	79.16666666666666
896	384.0	284.0	60.97560975609756	56.70731707317073	25.352112676056336	74.64788732394366
897	384.0	284.0	60.97560975609756	56.70731707317073	29.577464788732392	70.4225352112676
898	416.0	336.0	57.72357723577236	48.78048780487805	88.09523809523809	11.904761904761903
899	428.0	288.0	56.50406504065041	56.09756097560976	16.666666666666664	83.33333333333334
900	424.0	340.0	56.91056910569105	48.170731707317074	77.64705882352942	22.35294117647059
901	416.0	288.0	57.72357723577236	56.09756097560976	18.055555555555554	81.94444444444444
902	452.0	344.0	54.0650406504065	47.5609756097561	93.02325581395348	6.976744186046512
903	468.0	344.0	52.4390243902439	47.5609756097561	97.67441860465115	2.3255813953488373
904	404.0	284.0	58.94308943089431	56.70731707317073	29.577464788732392	70.4225352112676
905	396.0	332.0	59.756097560975604	49.390243902439025	84.33734939759037	15.66265060240964
906	476.0	288.0	51.6260162601626	56.09756097560976	4.166666666666666	95.83333333333334
907	420.0	332.0	57.3170731707317	49.390243902439025	86.74698795180723	13.253012048192772
908	424.0	348.0	56.91056910569105	46.95121951219512	78.16091954022988	21.839080459770116
909	392.0	284.0	60.16260162601627	56.70731707317073	25.352112676056336	74.64788732394366
910	472.0	348.0	52.03252032520326	46.95121951219512	98.85057471264368	1.1494252873563218
911	448.0	300.0	54.47154471544715	54.268292682926834	14.666666666666666	85.33333333333334
912	456.0	340.0	53.65853658536586	48.170731707317074	94.11764705882352	5.88235294117647
913	404.0	292.0	58.94308943089431	55.487804878048784	27.397260273972602	72.6027397260274
914	448.0	356.0	54.47154471544715	45.73170731707317	89.8876404494382	10.112359550561797
915	480.0	300.0	51.21951219512195	54.268292682926834	0.0	100.0
916	376.0	328.0	61.78861788617886	50.0	47.5609756097561	52.4390243902439
917	384.0	284.0	60.97560975609756	56.70731707317073	25.352112676056336	74.64788732394366
918	452.0	344.0	54.0650406504065	47.5609756097561	93.02325581395348	6.976744186046512
919	432.0	280.0	56.09756097560976	57.3170731707317	2.857142857142857	97.14285714285714
920	404.0	304.0	58.94308943089431	53.65853658536586	34.21052631578947	65.78947368421053
921	440.0	288.0	55.28455284552846	56.09756097560976	18.055555555555554	81.94444444444444
922	388.0	344.0	60.56910569105691	47.5609756097561	61.627906976744185	38.372093023255815
923	456.0	352.0	53.65853658536586	46.34146341463415	93.18181818181817	6.8181818181818175
924	476.0	300.0	51.6260162601626	54.268292682926834	1.3333333333333335	98.66666666666667
925	456.0	348.0	53.65853658536586	46.95121951219512	93.10344827586206	6.896551724137931
926	472.0	348.0	52.03252032520326	46.95121951219512	98.85057471264368	1.1494252873563218
927	464.0	284.0	52.84552845528455	56.70731707317073	4.225352112676056	95.77464788732394
928	452.0	344.0	54.0650406504065	47.5609756097561	90.69767441860465	9.30232558139535
929	412.0	320.0	58.13008130081301	51.21951219512195	83.75	16.25
930	408.0	344.0	58.536585365853654	47.5609756097561	82.55813953488372	17.441860465116278
931	476.0	300.0	51.6260162601626	54.268292682926834	1.3333333333333335	98.66666666666667
932	408.0	276.0	58.536585365853654	57.92682926829268	21.73913043478261	78.26086956521739
933	468.0	288.0	52.4390243902439	56.09756097560976	1.3888888888888888	98.61111111111111
934	440.0	368.0	55.28455284552846	43.90243902439025	86.95652173913044	13.043478260869565
935	480.0	356.0	51.21951219512195	45.73170731707317	97.75280898876404	2.247191011235955
936	436.0	284.0	55.6910569105691	56.70731707317073	15.492957746478872	84.50704225352112
937	456.0	340.0	53.65853658536586	48.170731707317074	92.94117647058823	7.0588235294117645
938	400.0	328.0	59.34959349593496	50.0	82.92682926829268	17.073170731707318
939	412.0	320.0	58.13008130081301	51.21951219512195	73.75	26.25
940	400.0	344.0	59.34959349593496	47.5609756097561	79.06976744186046	20.930232558139537
941	448.0	348.0	54.47154471544715	46.95121951219512	90.80459770114942	9.195402298850574
942	456.0	292.0	53.65853658536586	55.487804878048784	12.32876712328767	87.67123287671232
943	416.0	280.0	57.72357723577236	57.3170731707317	20.0	80.0
944	452.0	340.0	54.0650406504065	48.170731707317074	92.94117647058823	7.0588235294117645
945	404.0	348.0	58.94308943089431	46.95121951219512	73.5632183908046	26.436781609195403
946	396.0	292.0	59.756097560975604	55.487804878048784	34.24657534246575	65.75342465753424
947	468.0	292.0	52.4390243902439	55.487804878048784	1.36986301369863	98.63013698630137
948	388.0	332.0	60.56910569105691	49.390243902439025	68.67469879518072	31.32530120481928
949	452.0	280.0	54.0650406504065	57.3170731707317	11.428571428571429	88.57142857142857
950	428.0	348.0	56.50406504065041	46.95121951219512	87.35632183908046	12.643678160919542
951	480.0	300.0	51.21951219512195	54.268292682926834	1.3333333333333335	98.66666666666667
952	372.0	340.0	62.19512195121951	48.170731707317074	74.11764705882354	25.882352941176475
953	436.0	288.0	55.6910569105691	56.09756097560976	13.88888888888889	86.11111111111111
954	384.0	336.0	60.97560975609756	48.78048780487805	70.23809523809523	29.761904761904763
955	464.0	292.0	52.84552845528455	55.487804878048784	1.36986301369863	98.63013698630137
956	396.0	340.0	59.756097560975604	48.170731707317074	76.47058823529412	23.52941176470588
957	448.0	292.0	54.47154471544715	55.487804878048784	10.95890410958904	89.04109589041096
958	432.0	332.0	56.09756097560976	49.390243902439025	87.95180722891565	12.048192771084338
959	484.0	352.0	50.81300813008131	46.34146341463415	98.86363636363636	1.1363636363636365
960	464.0	288.0	52.84552845528455	56.09756097560976	1.3888888888888888	98.61111111111111
961	452.0	344.0	54.0650406504065	47.5609756097561	93.02325581395348	6.976744186046512
962	428.0	336.0	56.50406504065041	48.78048780487805	88.09523809523809	11.904761904761903
963	460.0	352.0	53.2520325203252	46.34146341463415	90.9090909090909	9.090909090909092
964	464.0	296.0	52.84552845528455	54.87804878048781	1.3513513513513513	98.64864864864865
965	456.0	280.0	53.65853658536586	57.3170731707317	4.285714285714286	95.71428571428572
966	436.0	284.0	55.6910569105691	56.70731707317073	16.901408450704224	83.09859154929578
967	472.0	292.0	52.03252032520326	55.487804878048784	1.36986301369863	98.63013698630137
968	416.0	288.0	57.72357723577236	56.09756097560976	16.666666666666664	83.33333333333334
969	484.0	352.0	50.81300813008131	46.34146341463415	98.86363636363636	1.1363636363636365
970	400.0	280.0	59.34959349593496	57.3170731707317	21.428571428571427	78.57142857142857
971	476.0	352.0	51.6260162601626	46.34146341463415	98.86363636363636	1.1363636363636365
972	468.0	348.0	52.4390243902439	46.95121951219512	94.25287356321839	5.747126436781609
973	424.0	356.0	56.91056910569105	45.73170731707317	79.7752808988764	20.224719101123593
974	372.0	344.0	62.19512195121951	47.5609756097561	56.97674418604651	43.02325581395349
975	384.0	336.0	60.97560975609756	48.78048780487805	72.61904761904762	27.380952380952383
976	416.0	348.0	57.72357723577236	46.95121951219512	74.71264367816092	25.287356321839084
977	480.0	300.0	51.21951219512195	54.268292682926834	1.3333333333333335	98.66666666666667
978	444.0	352.0	54.87804878048781	46.34146341463415	89.77272727272727	10.227272727272728
979	456.0	344.0	53.65853658536586	47.5609756097561	93.02325581395348	6.976744186046512
980	408.0	332.0	58.536585365853654	49.390243902439025	84.33734939759037	15.66265060240964
981	456.0	344.0	53.65853658536586	47.5609756097561	90.69767441860465	9.30232558139535
982	384.0	280.0	60.97560975609756	57.3170731707317	27.142857142857142	72.85714285714285
983	420.0	280.0	57.3170731707317	57.3170731707317	14.285714285714285	85.71428571428571
984	476.0	300.0	51.6260162601626	54.268292682926834	1.3333333333333335	98.66666666666667
985	392.0	336.0	60.16260162601627	48.78048780487805	79.76190476190477	20.238095238095237
986	464.0	292.0	52.84552845528455	55.487804878048784	2.73972602739726	97.26027397260275
987	416.0	332.0	57.72357723577236	49.390243902439025	85.54216867469879	14.457831325301203
988	372.0	332.0	62.19512195121951	49.390243902439025	61.44578313253012	38.55421686746988
989	468.0	292.0	52.4390243902439	55.487804878048784	1.36986301369863	98.63013698630137
990	408.0	332.0	58.536585365853654	49.390243902439025	80.72289156626506	19.27710843373494
991	484.0	352.0	50.81300813008131	46.34146341463415	98.86363636363636	1.1363636363636365
992	464.0	288.0	52.84552845528455	56.09756097560976	1.3888888888888888	98.61111111111111
993	464.0	288.0	52.84552845528455	56.09756097560976	1.3888888888888888	98.61111111111111
994	472.0	284.0	52.03252032520326	56.70731707317073	4.225352112676056	95.77464788732394
995	472.0	344.0	52.03252032520326	47.5609756097561	98.83720930232558	1.1627906976744187
996	476.0	300.0	51.6260162601626	54.268292682926834	1.3333333333333335	98.66666666666667
997	368.0	296.0	62.601626016260155	54.87804878048781	36.486486486486484	63.51351351351351
998	408.0	320.0	58.536585365853654	51.21951219512195	42.5	57.49999999999999
999	480.0	348.0	51.21951219512195	46.95121951219512	100.0	0.0
