0	460.0	324.0	53.2520325203252	50.609756097560975
1	536.0	320.0	45.52845528455284	51.21951219512195
2	496.0	340.0	49.59349593495935	48.170731707317074
3	456.0	324.0	53.65853658536586	50.609756097560975
4	456.0	320.0	53.65853658536586	51.21951219512195
5	424.0	324.0	56.91056910569105	50.609756097560975
6	464.0	344.0	52.84552845528455	47.5609756097561
7	456.0	324.0	53.65853658536586	50.609756097560975
8	456.0	324.0	53.65853658536586	50.609756097560975
9	528.0	332.0	46.34146341463415	49.390243902439025
10	484.0	340.0	50.81300813008131	48.170731707317074
11	516.0	340.0	47.5609756097561	48.170731707317074
12	524.0	336.0	46.7479674796748	48.78048780487805
13	456.0	324.0	53.65853658536586	50.609756097560975
14	456.0	324.0	53.65853658536586	50.609756097560975
15	456.0	324.0	53.65853658536586	50.609756097560975
16	460.0	344.0	53.2520325203252	47.5609756097561
17	456.0	324.0	53.65853658536586	50.609756097560975
18	476.0	364.0	51.6260162601626	44.51219512195122
19	528.0	332.0	46.34146341463415	49.390243902439025
20	528.0	332.0	46.34146341463415	49.390243902439025
21	528.0	332.0	46.34146341463415	49.390243902439025
22	484.0	332.0	50.81300813008131	49.390243902439025
23	412.0	332.0	58.13008130081301	49.390243902439025
24	532.0	332.0	45.9349593495935	49.390243902439025
25	448.0	324.0	54.47154471544715	50.609756097560975
26	516.0	332.0	47.5609756097561	49.390243902439025
27	444.0	320.0	54.87804878048781	51.21951219512195
28	444.0	316.0	54.87804878048781	51.829268292682926
29	384.0	344.0	60.97560975609756	47.5609756097561
30	384.0	340.0	60.97560975609756	48.170731707317074
31	444.0	316.0	54.87804878048781	51.829268292682926
32	456.0	324.0	53.65853658536586	50.609756097560975
33	496.0	352.0	49.59349593495935	46.34146341463415
34	456.0	324.0	53.65853658536586	50.609756097560975
35	440.0	312.0	55.28455284552846	52.4390243902439
36	472.0	332.0	52.03252032520326	49.390243902439025
37	528.0	332.0	46.34146341463415	49.390243902439025
38	424.0	336.0	56.91056910569105	48.78048780487805
39	444.0	320.0	54.87804878048781	51.21951219512195
40	424.0	336.0	56.91056910569105	48.78048780487805
41	464.0	332.0	52.84552845528455	49.390243902439025
42	452.0	332.0	54.0650406504065	49.390243902439025
43	528.0	332.0	46.34146341463415	49.390243902439025
44	528.0	332.0	46.34146341463415	49.390243902439025
45	444.0	320.0	54.87804878048781	51.21951219512195
46	528.0	332.0	46.34146341463415	49.390243902439025
47	456.0	324.0	53.65853658536586	50.609756097560975
48	528.0	332.0	46.34146341463415	49.390243902439025
49	416.0	324.0	57.72357723577236	50.609756097560975
50	420.0	344.0	57.3170731707317	47.5609756097561
51	444.0	320.0	54.87804878048781	51.21951219512195
52	532.0	336.0	45.9349593495935	48.78048780487805
53	444.0	320.0	54.87804878048781	51.21951219512195
54	488.0	348.0	50.40650406504065	46.95121951219512
55	528.0	332.0	46.34146341463415	49.390243902439025
56	444.0	320.0	54.87804878048781	51.21951219512195
57	528.0	332.0	46.34146341463415	49.390243902439025
58	444.0	320.0	54.87804878048781	51.21951219512195
59	436.0	320.0	55.6910569105691	51.21951219512195
60	480.0	316.0	51.21951219512195	51.829268292682926
61	528.0	332.0	46.34146341463415	49.390243902439025
62	376.0	360.0	61.78861788617886	45.1219512195122
63	440.0	320.0	55.28455284552846	51.21951219512195
64	444.0	316.0	54.87804878048781	51.829268292682926
65	444.0	340.0	54.87804878048781	48.170731707317074
66	528.0	332.0	46.34146341463415	49.390243902439025
67	452.0	372.0	54.0650406504065	43.292682926829265
68	456.0	324.0	53.65853658536586	50.609756097560975
69	372.0	340.0	62.19512195121951	48.170731707317074
70	488.0	316.0	50.40650406504065	51.829268292682926
71	444.0	324.0	54.87804878048781	50.609756097560975
72	528.0	332.0	46.34146341463415	49.390243902439025
73	492.0	348.0	50.0	46.95121951219512
74	528.0	332.0	46.34146341463415	49.390243902439025
75	528.0	336.0	46.34146341463415	48.78048780487805
76	440.0	316.0	55.28455284552846	51.829268292682926
77	444.0	320.0	54.87804878048781	51.21951219512195
78	524.0	336.0	46.7479674796748	48.78048780487805
79	528.0	332.0	46.34146341463415	49.390243902439025
80	528.0	332.0	46.34146341463415	49.390243902439025
81	436.0	324.0	55.6910569105691	50.609756097560975
82	444.0	312.0	54.87804878048781	52.4390243902439
83	528.0	332.0	46.34146341463415	49.390243902439025
84	528.0	332.0	46.34146341463415	49.390243902439025
85	444.0	324.0	54.87804878048781	50.609756097560975
86	444.0	312.0	54.87804878048781	52.4390243902439
87	500.0	356.0	49.1869918699187	45.73170731707317
88	480.0	344.0	51.21951219512195	47.5609756097561
89	448.0	312.0	54.47154471544715	52.4390243902439
90	528.0	332.0	46.34146341463415	49.390243902439025
91	528.0	332.0	46.34146341463415	49.390243902439025
92	528.0	332.0	46.34146341463415	49.390243902439025
93	528.0	332.0	46.34146341463415	49.390243902439025
94	440.0	316.0	55.28455284552846	51.829268292682926
95	452.0	324.0	54.0650406504065	50.609756097560975
96	440.0	320.0	55.28455284552846	51.21951219512195
97	444.0	320.0	54.87804878048781	51.21951219512195
98	444.0	324.0	54.87804878048781	50.609756097560975
99	444.0	316.0	54.87804878048781	51.829268292682926
100	404.0	332.0	58.94308943089431	49.390243902439025
101	412.0	324.0	58.13008130081301	50.609756097560975
102	528.0	332.0	46.34146341463415	49.390243902439025
103	476.0	332.0	51.6260162601626	49.390243902439025
104	456.0	328.0	53.65853658536586	50.0
105	444.0	320.0	54.87804878048781	51.21951219512195
106	528.0	332.0	46.34146341463415	49.390243902439025
107	396.0	340.0	59.756097560975604	48.170731707317074
108	400.0	320.0	59.34959349593496	51.21951219512195
109	432.0	340.0	56.09756097560976	48.170731707317074
110	412.0	360.0	58.13008130081301	45.1219512195122
111	440.0	348.0	55.28455284552846	46.95121951219512
112	444.0	324.0	54.87804878048781	50.609756097560975
113	444.0	324.0	54.87804878048781	50.609756097560975
114	528.0	332.0	46.34146341463415	49.390243902439025
115	464.0	320.0	52.84552845528455	51.21951219512195
116	444.0	324.0	54.87804878048781	50.609756097560975
117	528.0	332.0	46.34146341463415	49.390243902439025
118	436.0	344.0	55.6910569105691	47.5609756097561
119	528.0	332.0	46.34146341463415	49.390243902439025
120	528.0	332.0	46.34146341463415	49.390243902439025
121	512.0	336.0	47.96747967479675	48.78048780487805
122	520.0	332.0	47.15447154471545	49.390243902439025
123	528.0	332.0	46.34146341463415	49.390243902439025
124	528.0	332.0	46.34146341463415	49.390243902439025
125	508.0	340.0	48.3739837398374	48.170731707317074
126	388.0	336.0	60.56910569105691	48.78048780487805
127	436.0	388.0	55.6910569105691	40.853658536585364
128	480.0	336.0	51.21951219512195	48.78048780487805
129	456.0	324.0	53.65853658536586	50.609756097560975
130	376.0	336.0	61.78861788617886	48.78048780487805
131	440.0	320.0	55.28455284552846	51.21951219512195
132	436.0	316.0	55.6910569105691	51.829268292682926
133	488.0	336.0	50.40650406504065	48.78048780487805
134	528.0	332.0	46.34146341463415	49.390243902439025
135	444.0	324.0	54.87804878048781	50.609756097560975
136	444.0	320.0	54.87804878048781	51.21951219512195
137	432.0	376.0	56.09756097560976	42.68292682926829
138	392.0	352.0	60.16260162601627	46.34146341463415
139	440.0	320.0	55.28455284552846	51.21951219512195
140	440.0	316.0	55.28455284552846	51.829268292682926
141	504.0	348.0	48.78048780487805	46.95121951219512
142	444.0	324.0	54.87804878048781	50.609756097560975
143	444.0	324.0	54.87804878048781	50.609756097560975
144	412.0	344.0	58.13008130081301	47.5609756097561
145	528.0	332.0	46.34146341463415	49.390243902439025
146	444.0	316.0	54.87804878048781	51.829268292682926
147	392.0	344.0	60.16260162601627	47.5609756097561
148	392.0	348.0	60.16260162601627	46.95121951219512
149	404.0	324.0	58.94308943089431	50.609756097560975
150	528.0	332.0	46.34146341463415	49.390243902439025
151	528.0	332.0	46.34146341463415	49.390243902439025
152	528.0	332.0	46.34146341463415	49.390243902439025
153	416.0	328.0	57.72357723577236	50.0
154	484.0	348.0	50.81300813008131	46.95121951219512
155	528.0	332.0	46.34146341463415	49.390243902439025
156	528.0	332.0	46.34146341463415	49.390243902439025
157	528.0	332.0	46.34146341463415	49.390243902439025
158	476.0	340.0	51.6260162601626	48.170731707317074
159	492.0	336.0	50.0	48.78048780487805
160	436.0	340.0	55.6910569105691	48.170731707317074
161	528.0	332.0	46.34146341463415	49.390243902439025
162	440.0	324.0	55.28455284552846	50.609756097560975
163	528.0	332.0	46.34146341463415	49.390243902439025
164	436.0	316.0	55.6910569105691	51.829268292682926
165	440.0	372.0	55.28455284552846	43.292682926829265
166	528.0	332.0	46.34146341463415	49.390243902439025
167	436.0	320.0	55.6910569105691	51.21951219512195
168	528.0	332.0	46.34146341463415	49.390243902439025
169	436.0	320.0	55.6910569105691	51.21951219512195
170	444.0	324.0	54.87804878048781	50.609756097560975
171	396.0	344.0	59.756097560975604	47.5609756097561
172	520.0	320.0	47.15447154471545	51.21951219512195
173	512.0	332.0	47.96747967479675	49.390243902439025
174	436.0	324.0	55.6910569105691	50.609756097560975
175	528.0	332.0	46.34146341463415	49.390243902439025
176	436.0	316.0	55.6910569105691	51.829268292682926
177	428.0	356.0	56.50406504065041	45.73170731707317
178	516.0	344.0	47.5609756097561	47.5609756097561
179	528.0	332.0	46.34146341463415	49.390243902439025
180	364.0	332.0	63.00813008130082	49.390243902439025
181	420.0	384.0	57.3170731707317	41.46341463414634
182	528.0	332.0	46.34146341463415	49.390243902439025
183	444.0	320.0	54.87804878048781	51.21951219512195
184	440.0	324.0	55.28455284552846	50.609756097560975
185	528.0	332.0	46.34146341463415	49.390243902439025
186	364.0	324.0	63.00813008130082	50.609756097560975
187	456.0	324.0	53.65853658536586	50.609756097560975
188	528.0	332.0	46.34146341463415	49.390243902439025
189	444.0	376.0	54.87804878048781	42.68292682926829
190	476.0	328.0	51.6260162601626	50.0
191	528.0	332.0	46.34146341463415	49.390243902439025
192	528.0	332.0	46.34146341463415	49.390243902439025
193	436.0	316.0	55.6910569105691	51.829268292682926
194	528.0	332.0	46.34146341463415	49.390243902439025
195	508.0	344.0	48.3739837398374	47.5609756097561
196	400.0	344.0	59.34959349593496	47.5609756097561
197	424.0	324.0	56.91056910569105	50.609756097560975
198	412.0	324.0	58.13008130081301	50.609756097560975
199	436.0	316.0	55.6910569105691	51.829268292682926
200	408.0	328.0	58.536585365853654	50.0
201	528.0	332.0	46.34146341463415	49.390243902439025
202	412.0	332.0	58.13008130081301	49.390243902439025
203	528.0	332.0	46.34146341463415	49.390243902439025
204	424.0	324.0	56.91056910569105	50.609756097560975
205	364.0	332.0	63.00813008130082	49.390243902439025
206	436.0	312.0	55.6910569105691	52.4390243902439
207	376.0	344.0	61.78861788617886	47.5609756097561
208	440.0	360.0	55.28455284552846	45.1219512195122
209	528.0	332.0	46.34146341463415	49.390243902439025
210	436.0	364.0	55.6910569105691	44.51219512195122
211	444.0	320.0	54.87804878048781	51.21951219512195
212	444.0	324.0	54.87804878048781	50.609756097560975
213	432.0	328.0	56.09756097560976	50.0
214	436.0	312.0	55.6910569105691	52.4390243902439
215	528.0	332.0	46.34146341463415	49.390243902439025
216	444.0	320.0	54.87804878048781	51.21951219512195
217	436.0	312.0	55.6910569105691	52.4390243902439
218	424.0	372.0	56.91056910569105	43.292682926829265
219	436.0	312.0	55.6910569105691	52.4390243902439
220	480.0	332.0	51.21951219512195	49.390243902439025
221	456.0	344.0	53.65853658536586	47.5609756097561
222	504.0	328.0	48.78048780487805	50.0
223	384.0	348.0	60.97560975609756	46.95121951219512
224	392.0	344.0	60.16260162601627	47.5609756097561
225	424.0	324.0	56.91056910569105	50.609756097560975
226	528.0	332.0	46.34146341463415	49.390243902439025
227	436.0	316.0	55.6910569105691	51.829268292682926
228	448.0	340.0	54.47154471544715	48.170731707317074
229	444.0	320.0	54.87804878048781	51.21951219512195
230	444.0	344.0	54.87804878048781	47.5609756097561
231	492.0	328.0	50.0	50.0
232	440.0	320.0	55.28455284552846	51.21951219512195
233	528.0	332.0	46.34146341463415	49.390243902439025
234	440.0	316.0	55.28455284552846	51.829268292682926
235	452.0	360.0	54.0650406504065	45.1219512195122
236	528.0	332.0	46.34146341463415	49.390243902439025
237	528.0	332.0	46.34146341463415	49.390243902439025
238	492.0	324.0	50.0	50.609756097560975
239	452.0	364.0	54.0650406504065	44.51219512195122
240	436.0	320.0	55.6910569105691	51.21951219512195
241	528.0	332.0	46.34146341463415	49.390243902439025
242	504.0	344.0	48.78048780487805	47.5609756097561
243	528.0	332.0	46.34146341463415	49.390243902439025
244	460.0	336.0	53.2520325203252	48.78048780487805
245	484.0	324.0	50.81300813008131	50.609756097560975
246	492.0	324.0	50.0	50.609756097560975
247	528.0	332.0	46.34146341463415	49.390243902439025
248	408.0	332.0	58.536585365853654	49.390243902439025
249	452.0	336.0	54.0650406504065	48.78048780487805
250	440.0	316.0	55.28455284552846	51.829268292682926
251	460.0	336.0	53.2520325203252	48.78048780487805
252	456.0	336.0	53.65853658536586	48.78048780487805
253	528.0	332.0	46.34146341463415	49.390243902439025
254	452.0	348.0	54.0650406504065	46.95121951219512
255	444.0	320.0	54.87804878048781	51.21951219512195
256	528.0	332.0	46.34146341463415	49.390243902439025
257	436.0	320.0	55.6910569105691	51.21951219512195
258	440.0	376.0	55.28455284552846	42.68292682926829
259	444.0	368.0	54.87804878048781	43.90243902439025
260	492.0	344.0	50.0	47.5609756097561
261	432.0	320.0	56.09756097560976	51.21951219512195
262	528.0	332.0	46.34146341463415	49.390243902439025
263	436.0	316.0	55.6910569105691	51.829268292682926
264	400.0	344.0	59.34959349593496	47.5609756097561
265	420.0	384.0	57.3170731707317	41.46341463414634
266	436.0	316.0	55.6910569105691	51.829268292682926
267	408.0	396.0	58.536585365853654	39.63414634146341
268	516.0	356.0	47.5609756097561	45.73170731707317
269	436.0	316.0	55.6910569105691	51.829268292682926
270	428.0	324.0	56.50406504065041	50.609756097560975
271	444.0	324.0	54.87804878048781	50.609756097560975
272	436.0	320.0	55.6910569105691	51.21951219512195
273	436.0	320.0	55.6910569105691	51.21951219512195
274	508.0	332.0	48.3739837398374	49.390243902439025
275	400.0	348.0	59.34959349593496	46.95121951219512
276	452.0	328.0	54.0650406504065	50.0
277	400.0	344.0	59.34959349593496	47.5609756097561
278	436.0	324.0	55.6910569105691	50.609756097560975
279	416.0	324.0	57.72357723577236	50.609756097560975
280	440.0	320.0	55.28455284552846	51.21951219512195
281	452.0	328.0	54.0650406504065	50.0
282	444.0	348.0	54.87804878048781	46.95121951219512
283	420.0	364.0	57.3170731707317	44.51219512195122
284	388.0	352.0	60.56910569105691	46.34146341463415
285	444.0	324.0	54.87804878048781	50.609756097560975
286	528.0	332.0	46.34146341463415	49.390243902439025
287	444.0	324.0	54.87804878048781	50.609756097560975
288	528.0	332.0	46.34146341463415	49.390243902439025
289	408.0	336.0	58.536585365853654	48.78048780487805
290	468.0	348.0	52.4390243902439	46.95121951219512
291	528.0	332.0	46.34146341463415	49.390243902439025
292	484.0	348.0	50.81300813008131	46.95121951219512
293	528.0	332.0	46.34146341463415	49.390243902439025
294	440.0	316.0	55.28455284552846	51.829268292682926
295	416.0	384.0	57.72357723577236	41.46341463414634
296	444.0	320.0	54.87804878048781	51.21951219512195
297	372.0	344.0	62.19512195121951	47.5609756097561
298	436.0	316.0	55.6910569105691	51.829268292682926
299	436.0	316.0	55.6910569105691	51.829268292682926
300	480.0	344.0	51.21951219512195	47.5609756097561
301	428.0	320.0	56.50406504065041	51.21951219512195
302	432.0	316.0	56.09756097560976	51.829268292682926
303	440.0	316.0	55.28455284552846	51.829268292682926
304	436.0	312.0	55.6910569105691	52.4390243902439
305	528.0	332.0	46.34146341463415	49.390243902439025
306	484.0	364.0	50.81300813008131	44.51219512195122
307	436.0	344.0	55.6910569105691	47.5609756097561
308	444.0	340.0	54.87804878048781	48.170731707317074
309	408.0	352.0	58.536585365853654	46.34146341463415
310	524.0	332.0	46.7479674796748	49.390243902439025
311	444.0	324.0	54.87804878048781	50.609756097560975
312	528.0	332.0	46.34146341463415	49.390243902439025
313	444.0	324.0	54.87804878048781	50.609756097560975
314	404.0	352.0	58.94308943089431	46.34146341463415
315	424.0	320.0	56.91056910569105	51.21951219512195
316	412.0	328.0	58.13008130081301	50.0
317	444.0	324.0	54.87804878048781	50.609756097560975
318	432.0	320.0	56.09756097560976	51.21951219512195
319	528.0	328.0	46.34146341463415	50.0
320	520.0	324.0	47.15447154471545	50.609756097560975