0	576.0	284.0	41.46341463414634	56.70731707317073	100.0	0.0
1	576.0	284.0	41.46341463414634	56.70731707317073	100.0	0.0
2	576.0	284.0	41.46341463414634	56.70731707317073	100.0	0.0
3	576.0	284.0	41.46341463414634	56.70731707317073	100.0	0.0
4	576.0	284.0	41.46341463414634	56.70731707317073	100.0	0.0
5	576.0	284.0	41.46341463414634	56.70731707317073	100.0	0.0
6	608.0	284.0	38.21138211382114	56.70731707317073	95.77464788732394	4.225352112676056
7	548.0	332.0	44.3089430894309	49.390243902439025	63.85542168674698	36.144578313253014
8	544.0	336.0	44.71544715447154	48.78048780487805	46.42857142857143	53.57142857142857
9	532.0	352.0	45.9349593495935	46.34146341463415	37.5	62.5
10	544.0	344.0	44.71544715447154	47.5609756097561	34.883720930232556	65.11627906976744
11	544.0	340.0	44.71544715447154	48.170731707317074	32.94117647058823	67.05882352941175
12	548.0	340.0	44.3089430894309	48.170731707317074	32.94117647058823	67.05882352941175
13	548.0	340.0	44.3089430894309	48.170731707317074	32.94117647058823	67.05882352941175
14	544.0	340.0	44.71544715447154	48.170731707317074	32.94117647058823	67.05882352941175
15	548.0	340.0	44.3089430894309	48.170731707317074	32.94117647058823	67.05882352941175
16	552.0	340.0	43.90243902439025	48.170731707317074	32.94117647058823	67.05882352941175
17	548.0	340.0	44.3089430894309	48.170731707317074	32.94117647058823	67.05882352941175
18	552.0	340.0	43.90243902439025	48.170731707317074	32.94117647058823	67.05882352941175
19	552.0	340.0	43.90243902439025	48.170731707317074	32.94117647058823	67.05882352941175
20	552.0	340.0	43.90243902439025	48.170731707317074	32.94117647058823	67.05882352941175
21	552.0	340.0	43.90243902439025	48.170731707317074	32.94117647058823	67.05882352941175
22	548.0	340.0	44.3089430894309	48.170731707317074	32.94117647058823	67.05882352941175
23	552.0	336.0	43.90243902439025	48.78048780487805	32.142857142857146	67.85714285714286
24	552.0	336.0	43.90243902439025	48.78048780487805	32.142857142857146	67.85714285714286
25	548.0	336.0	44.3089430894309	48.78048780487805	32.142857142857146	67.85714285714286
26	548.0	336.0	44.3089430894309	48.78048780487805	32.142857142857146	67.85714285714286
27	548.0	336.0	44.3089430894309	48.78048780487805	32.142857142857146	67.85714285714286
28	548.0	336.0	44.3089430894309	48.78048780487805	32.142857142857146	67.85714285714286
29	552.0	336.0	43.90243902439025	48.78048780487805	32.142857142857146	67.85714285714286
30	548.0	336.0	44.3089430894309	48.78048780487805	32.142857142857146	67.85714285714286
31	552.0	336.0	43.90243902439025	48.78048780487805	32.142857142857146	67.85714285714286
32	548.0	336.0	44.3089430894309	48.78048780487805	32.142857142857146	67.85714285714286
33	548.0	336.0	44.3089430894309	48.78048780487805	32.142857142857146	67.85714285714286
34	548.0	340.0	44.3089430894309	48.170731707317074	31.76470588235294	68.23529411764706
35	544.0	340.0	44.71544715447154	48.170731707317074	31.76470588235294	68.23529411764706
36	556.0	336.0	43.49593495934959	48.78048780487805	32.142857142857146	67.85714285714286
37	548.0	340.0	44.3089430894309	48.170731707317074	31.76470588235294	68.23529411764706
38	544.0	336.0	44.71544715447154	48.78048780487805	30.952380952380953	69.04761904761905
39	544.0	344.0	44.71544715447154	47.5609756097561	32.55813953488372	67.44186046511628
40	548.0	336.0	44.3089430894309	48.78048780487805	30.952380952380953	69.04761904761905
41	544.0	340.0	44.71544715447154	48.170731707317074	31.76470588235294	68.23529411764706
42	544.0	344.0	44.71544715447154	47.5609756097561	31.3953488372093	68.6046511627907
43	540.0	344.0	45.1219512195122	47.5609756097561	32.55813953488372	67.44186046511628
44	544.0	344.0	44.71544715447154	47.5609756097561	32.55813953488372	67.44186046511628
45	544.0	344.0	44.71544715447154	47.5609756097561	32.55813953488372	67.44186046511628
46	540.0	344.0	45.1219512195122	47.5609756097561	32.55813953488372	67.44186046511628
47	540.0	340.0	45.1219512195122	48.170731707317074	32.94117647058823	67.05882352941175
48	548.0	348.0	44.3089430894309	46.95121951219512	32.18390804597701	67.81609195402298
49	548.0	344.0	44.3089430894309	47.5609756097561	33.72093023255814	66.27906976744185
50	544.0	348.0	44.71544715447154	46.95121951219512	32.18390804597701	67.81609195402298
51	548.0	344.0	44.3089430894309	47.5609756097561	33.72093023255814	66.27906976744185
52	540.0	352.0	45.1219512195122	46.34146341463415	30.681818181818183	69.31818181818183
53	552.0	348.0	43.90243902439025	46.95121951219512	34.48275862068966	65.51724137931035
54	540.0	344.0	45.1219512195122	47.5609756097561	31.3953488372093	68.6046511627907
55	552.0	348.0	43.90243902439025	46.95121951219512	34.48275862068966	65.51724137931035
56	540.0	344.0	45.1219512195122	47.5609756097561	31.3953488372093	68.6046511627907
57	552.0	348.0	43.90243902439025	46.95121951219512	33.33333333333333	66.66666666666666
58	548.0	348.0	44.3089430894309	46.95121951219512	33.33333333333333	66.66666666666666
59	544.0	348.0	44.71544715447154	46.95121951219512	33.33333333333333	66.66666666666666
60	552.0	348.0	43.90243902439025	46.95121951219512	33.33333333333333	66.66666666666666
61	548.0	344.0	44.3089430894309	47.5609756097561	31.3953488372093	68.6046511627907
62	556.0	352.0	43.49593495934959	46.34146341463415	35.22727272727273	64.77272727272727
63	544.0	344.0	44.71544715447154	47.5609756097561	31.3953488372093	68.6046511627907
64	556.0	348.0	43.49593495934959	46.95121951219512	35.63218390804598	64.36781609195403
65	556.0	348.0	43.49593495934959	46.95121951219512	32.18390804597701	67.81609195402298
66	552.0	348.0	43.90243902439025	46.95121951219512	33.33333333333333	66.66666666666666
67	556.0	348.0	43.49593495934959	46.95121951219512	33.33333333333333	66.66666666666666
68	560.0	348.0	43.08943089430895	46.95121951219512	33.33333333333333	66.66666666666666
69	556.0	344.0	43.49593495934959	47.5609756097561	33.72093023255814	66.27906976744185
70	548.0	348.0	44.3089430894309	46.95121951219512	34.48275862068966	65.51724137931035
71	556.0	348.0	43.49593495934959	46.95121951219512	33.33333333333333	66.66666666666666
72	556.0	344.0	43.49593495934959	47.5609756097561	33.72093023255814	66.27906976744185
73	552.0	344.0	43.90243902439025	47.5609756097561	33.72093023255814	66.27906976744185
74	556.0	344.0	43.49593495934959	47.5609756097561	34.883720930232556	65.11627906976744
75	544.0	352.0	44.71544715447154	46.34146341463415	32.95454545454545	67.04545454545455
76	556.0	348.0	43.49593495934959	46.95121951219512	35.63218390804598	64.36781609195403
77	548.0	344.0	44.3089430894309	47.5609756097561	33.72093023255814	66.27906976744185
78	556.0	348.0	43.49593495934959	46.95121951219512	35.63218390804598	64.36781609195403
79	544.0	348.0	44.71544715447154	46.95121951219512	33.33333333333333	66.66666666666666
80	556.0	348.0	43.49593495934959	46.95121951219512	35.63218390804598	64.36781609195403
81	548.0	348.0	44.3089430894309	46.95121951219512	35.63218390804598	64.36781609195403
82	552.0	348.0	43.90243902439025	46.95121951219512	35.63218390804598	64.36781609195403
83	548.0	348.0	44.3089430894309	46.95121951219512	35.63218390804598	64.36781609195403
84	552.0	348.0	43.90243902439025	46.95121951219512	35.63218390804598	64.36781609195403
85	556.0	348.0	43.49593495934959	46.95121951219512	35.63218390804598	64.36781609195403
86	540.0	348.0	45.1219512195122	46.95121951219512	34.48275862068966	65.51724137931035
87	564.0	336.0	42.68292682926829	48.78048780487805	36.904761904761905	63.095238095238095
88	544.0	348.0	44.71544715447154	46.95121951219512	35.63218390804598	64.36781609195403
89	560.0	340.0	43.08943089430895	48.170731707317074	36.470588235294116	63.52941176470588
90	544.0	352.0	44.71544715447154	46.34146341463415	35.22727272727273	64.77272727272727
91	556.0	340.0	43.49593495934959	48.170731707317074	36.470588235294116	63.52941176470588
92	548.0	344.0	44.3089430894309	47.5609756097561	36.04651162790697	63.95348837209303
93	556.0	340.0	43.49593495934959	48.170731707317074	36.470588235294116	63.52941176470588
94	540.0	356.0	45.1219512195122	45.73170731707317	32.58426966292135	67.41573033707866
95	556.0	340.0	43.49593495934959	48.170731707317074	36.470588235294116	63.52941176470588
96	520.0	364.0	47.15447154471545	44.51219512195122	30.76923076923077	69.23076923076923
97	556.0	332.0	43.49593495934959	49.390243902439025	37.34939759036144	62.65060240963856
98	512.0	352.0	47.96747967479675	46.34146341463415	27.27272727272727	72.72727272727273
99	556.0	332.0	43.49593495934959	49.390243902439025	37.34939759036144	62.65060240963856
100	516.0	352.0	47.5609756097561	46.34146341463415	28.40909090909091	71.5909090909091
101	552.0	332.0	43.90243902439025	49.390243902439025	37.34939759036144	62.65060240963856
102	524.0	352.0	46.7479674796748	46.34146341463415	29.545454545454547	70.45454545454545
103	552.0	332.0	43.90243902439025	49.390243902439025	37.34939759036144	62.65060240963856
104	520.0	352.0	47.15447154471545	46.34146341463415	28.40909090909091	71.5909090909091
105	556.0	324.0	43.49593495934959	50.609756097560975	38.2716049382716	61.72839506172839
106	516.0	356.0	47.5609756097561	45.73170731707317	26.96629213483146	73.03370786516854
107	556.0	324.0	43.49593495934959	50.609756097560975	38.2716049382716	61.72839506172839
108	516.0	356.0	47.5609756097561	45.73170731707317	26.96629213483146	73.03370786516854
109	552.0	324.0	43.90243902439025	50.609756097560975	38.2716049382716	61.72839506172839
110	516.0	356.0	47.5609756097561	45.73170731707317	28.08988764044944	71.91011235955057
111	556.0	328.0	43.49593495934959	50.0	39.02439024390244	60.97560975609756
112	516.0	356.0	47.5609756097561	45.73170731707317	29.213483146067414	70.78651685393258
113	548.0	328.0	44.3089430894309	50.0	36.58536585365854	63.41463414634146
114	520.0	356.0	47.15447154471545	45.73170731707317	29.213483146067414	70.78651685393258
115	548.0	332.0	44.3089430894309	49.390243902439025	36.144578313253014	63.85542168674698
116	520.0	356.0	47.15447154471545	45.73170731707317	29.213483146067414	70.78651685393258
117	548.0	332.0	44.3089430894309	49.390243902439025	37.34939759036144	62.65060240963856
118	520.0	352.0	47.15447154471545	46.34146341463415	29.545454545454547	70.45454545454545
119	536.0	332.0	45.52845528455284	49.390243902439025	34.93975903614458	65.06024096385542
120	520.0	352.0	47.15447154471545	46.34146341463415	29.545454545454547	70.45454545454545
121	540.0	336.0	45.1219512195122	48.78048780487805	35.714285714285715	64.28571428571429
122	532.0	352.0	45.9349593495935	46.34146341463415	29.545454545454547	70.45454545454545
123	544.0	336.0	44.71544715447154	48.78048780487805	38.095238095238095	61.904761904761905
124	532.0	352.0	45.9349593495935	46.34146341463415	29.545454545454547	70.45454545454545
125	544.0	336.0	44.71544715447154	48.78048780487805	36.904761904761905	63.095238095238095
126	520.0	360.0	47.15447154471545	45.1219512195122	28.888888888888886	71.11111111111111
127	540.0	328.0	45.1219512195122	50.0	39.02439024390244	60.97560975609756
128	516.0	360.0	47.5609756097561	45.1219512195122	28.888888888888886	71.11111111111111
129	548.0	328.0	44.3089430894309	50.0	39.02439024390244	60.97560975609756
130	516.0	360.0	47.5609756097561	45.1219512195122	23.333333333333332	76.66666666666667
131	552.0	328.0	43.90243902439025	50.0	39.02439024390244	60.97560975609756
132	520.0	356.0	47.15447154471545	45.73170731707317	22.47191011235955	77.52808988764045
133	556.0	332.0	43.49593495934959	49.390243902439025	39.75903614457831	60.24096385542169
134	516.0	356.0	47.5609756097561	45.73170731707317	22.47191011235955	77.52808988764045
135	564.0	332.0	42.68292682926829	49.390243902439025	39.75903614457831	60.24096385542169
136	516.0	356.0	47.5609756097561	45.73170731707317	21.34831460674157	78.65168539325843
137	560.0	332.0	43.08943089430895	49.390243902439025	39.75903614457831	60.24096385542169
138	512.0	356.0	47.96747967479675	45.73170731707317	20.224719101123593	79.7752808988764
139	564.0	332.0	42.68292682926829	49.390243902439025	39.75903614457831	60.24096385542169
140	512.0	356.0	47.96747967479675	45.73170731707317	20.224719101123593	79.7752808988764
141	556.0	332.0	43.49593495934959	49.390243902439025	39.75903614457831	60.24096385542169
142	512.0	360.0	47.96747967479675	45.1219512195122	22.22222222222222	77.77777777777779
143	568.0	328.0	42.27642276422765	50.0	40.243902439024396	59.756097560975604
144	500.0	352.0	49.1869918699187	46.34146341463415	19.318181818181817	80.68181818181817
145	568.0	328.0	42.27642276422765	50.0	40.243902439024396	59.756097560975604
146	492.0	348.0	50.0	46.95121951219512	18.39080459770115	81.60919540229885
147	580.0	336.0	41.05691056910569	48.78048780487805	44.047619047619044	55.952380952380956
148	496.0	344.0	49.59349593495935	47.5609756097561	16.27906976744186	83.72093023255815
149	568.0	336.0	42.27642276422765	48.78048780487805	45.23809523809524	54.761904761904766
150	488.0	356.0	50.40650406504065	45.73170731707317	14.606741573033707	85.39325842696628
151	600.0	332.0	39.02439024390244	49.390243902439025	49.39759036144578	50.602409638554214
152	488.0	360.0	50.40650406504065	45.1219512195122	11.11111111111111	88.88888888888889
153	596.0	332.0	39.43089430894309	49.390243902439025	48.19277108433735	51.80722891566265
154	488.0	360.0	50.40650406504065	45.1219512195122	11.11111111111111	88.88888888888889
155	596.0	328.0	39.43089430894309	50.0	48.78048780487805	51.21951219512195
156	488.0	364.0	50.40650406504065	44.51219512195122	10.989010989010989	89.01098901098901
157	596.0	328.0	39.43089430894309	50.0	48.78048780487805	51.21951219512195
158	488.0	364.0	50.40650406504065	44.51219512195122	10.989010989010989	89.01098901098901
159	592.0	340.0	39.83739837398374	48.170731707317074	50.588235294117645	49.411764705882355
160	484.0	364.0	50.81300813008131	44.51219512195122	10.989010989010989	89.01098901098901
161	596.0	344.0	39.43089430894309	47.5609756097561	51.162790697674424	48.837209302325576
162	484.0	360.0	50.81300813008131	45.1219512195122	10.0	90.0
163	596.0	340.0	39.43089430894309	48.170731707317074	51.76470588235295	48.23529411764706
164	488.0	356.0	50.40650406504065	45.73170731707317	8.98876404494382	91.01123595505618
165	596.0	344.0	39.43089430894309	47.5609756097561	52.32558139534884	47.674418604651166
166	488.0	356.0	50.40650406504065	45.73170731707317	8.98876404494382	91.01123595505618
167	596.0	344.0	39.43089430894309	47.5609756097561	52.32558139534884	47.674418604651166
168	488.0	360.0	50.40650406504065	45.1219512195122	10.0	90.0
169	596.0	344.0	39.43089430894309	47.5609756097561	52.32558139534884	47.674418604651166
170	476.0	356.0	51.6260162601626	45.73170731707317	7.865168539325842	92.13483146067416
171	608.0	340.0	38.21138211382114	48.170731707317074	56.470588235294116	43.529411764705884
172	468.0	364.0	52.4390243902439	44.51219512195122	5.4945054945054945	94.5054945054945
173	608.0	340.0	38.21138211382114	48.170731707317074	56.470588235294116	43.529411764705884
174	468.0	364.0	52.4390243902439	44.51219512195122	5.4945054945054945	94.5054945054945
175	612.0	340.0	37.80487804878049	48.170731707317074	56.470588235294116	43.529411764705884
176	468.0	364.0	52.4390243902439	44.51219512195122	5.4945054945054945	94.5054945054945
177	600.0	340.0	39.02439024390244	48.170731707317074	57.647058823529406	42.35294117647059
178	464.0	372.0	52.84552845528455	43.292682926829265	5.376344086021505	94.6236559139785
179	604.0	340.0	38.61788617886179	48.170731707317074	57.647058823529406	42.35294117647059
180	464.0	372.0	52.84552845528455	43.292682926829265	5.376344086021505	94.6236559139785
181	604.0	340.0	38.61788617886179	48.170731707317074	57.647058823529406	42.35294117647059
182	448.0	376.0	54.47154471544715	42.68292682926829	5.319148936170213	94.68085106382979
183	596.0	328.0	39.43089430894309	50.0	60.97560975609756	39.02439024390244
184	452.0	380.0	54.0650406504065	42.073170731707314	5.263157894736842	94.73684210526315
185	596.0	336.0	39.43089430894309	48.78048780487805	61.904761904761905	38.095238095238095
186	444.0	380.0	54.87804878048781	42.073170731707314	5.263157894736842	94.73684210526315
187	592.0	332.0	39.83739837398374	49.390243902439025	62.65060240963856	37.34939759036144
188	432.0	380.0	56.09756097560976	42.073170731707314	5.263157894736842	94.73684210526315
189	592.0	332.0	39.83739837398374	49.390243902439025	63.85542168674698	36.144578313253014
190	428.0	380.0	56.50406504065041	42.073170731707314	5.263157894736842	94.73684210526315
191	588.0	332.0	40.243902439024396	49.390243902439025	63.85542168674698	36.144578313253014
192	428.0	388.0	56.50406504065041	40.853658536585364	5.154639175257731	94.84536082474226
193	588.0	332.0	40.243902439024396	49.390243902439025	62.65060240963856	37.34939759036144
194	428.0	384.0	56.50406504065041	41.46341463414634	5.208333333333334	94.79166666666666
195	596.0	332.0	39.43089430894309	49.390243902439025	63.85542168674698	36.144578313253014
196	428.0	388.0	56.50406504065041	40.853658536585364	5.154639175257731	94.84536082474226
197	588.0	324.0	40.243902439024396	50.609756097560975	62.96296296296296	37.03703703703704
198	428.0	388.0	56.50406504065041	40.853658536585364	5.154639175257731	94.84536082474226
199	600.0	332.0	39.02439024390244	49.390243902439025	63.85542168674698	36.144578313253014
200	428.0	388.0	56.50406504065041	40.853658536585364	5.154639175257731	94.84536082474226
201	592.0	328.0	39.83739837398374	50.0	62.19512195121951	37.80487804878049
202	428.0	388.0	56.50406504065041	40.853658536585364	5.154639175257731	94.84536082474226
203	596.0	328.0	39.43089430894309	50.0	63.41463414634146	36.58536585365854
204	424.0	392.0	56.91056910569105	40.243902439024396	5.1020408163265305	94.89795918367348
205	592.0	324.0	39.83739837398374	50.609756097560975	62.96296296296296	37.03703703703704
206	428.0	388.0	56.50406504065041	40.853658536585364	5.154639175257731	94.84536082474226
207	596.0	328.0	39.43089430894309	50.0	63.41463414634146	36.58536585365854
208	424.0	392.0	56.91056910569105	40.243902439024396	5.1020408163265305	94.89795918367348
209	596.0	328.0	39.43089430894309	50.0	62.19512195121951	37.80487804878049
210	428.0	388.0	56.50406504065041	40.853658536585364	5.154639175257731	94.84536082474226
211	596.0	324.0	39.43089430894309	50.609756097560975	62.96296296296296	37.03703703703704
212	424.0	392.0	56.91056910569105	40.243902439024396	5.1020408163265305	94.89795918367348
213	588.0	332.0	40.243902439024396	49.390243902439025	61.44578313253012	38.55421686746988
214	428.0	388.0	56.50406504065041	40.853658536585364	5.154639175257731	94.84536082474226
215	600.0	324.0	39.02439024390244	50.609756097560975	65.4320987654321	34.5679012345679
216	424.0	392.0	56.91056910569105	40.243902439024396	5.1020408163265305	94.89795918367348
217	592.0	336.0	39.83739837398374	48.78048780487805	60.71428571428571	39.285714285714285
218	424.0	388.0	56.91056910569105	40.853658536585364	5.154639175257731	94.84536082474226
219	596.0	320.0	39.43089430894309	51.21951219512195	66.25	33.75
220	424.0	392.0	56.91056910569105	40.243902439024396	5.1020408163265305	94.89795918367348
221	596.0	336.0	39.43089430894309	48.78048780487805	60.71428571428571	39.285714285714285
222	424.0	392.0	56.91056910569105	40.243902439024396	5.1020408163265305	94.89795918367348
223	592.0	308.0	39.83739837398374	53.04878048780488	68.83116883116884	31.16883116883117
224	420.0	392.0	57.3170731707317	40.243902439024396	5.1020408163265305	94.89795918367348
225	596.0	336.0	39.43089430894309	48.78048780487805	60.71428571428571	39.285714285714285
226	428.0	388.0	56.50406504065041	40.853658536585364	5.154639175257731	94.84536082474226
227	588.0	300.0	40.243902439024396	54.268292682926834	70.66666666666667	29.333333333333332
228	416.0	388.0	57.72357723577236	40.853658536585364	4.123711340206185	95.87628865979381
229	596.0	336.0	39.43089430894309	48.78048780487805	59.523809523809526	40.476190476190474
230	428.0	388.0	56.50406504065041	40.853658536585364	5.154639175257731	94.84536082474226
231	584.0	300.0	40.65040650406504	54.268292682926834	70.66666666666667	29.333333333333332
232	412.0	388.0	58.13008130081301	40.853658536585364	4.123711340206185	95.87628865979381
233	600.0	332.0	39.02439024390244	49.390243902439025	60.24096385542169	39.75903614457831
234	424.0	392.0	56.91056910569105	40.243902439024396	5.1020408163265305	94.89795918367348
235	588.0	304.0	40.243902439024396	53.65853658536586	72.36842105263158	27.631578947368425
236	408.0	388.0	58.536585365853654	40.853658536585364	4.123711340206185	95.87628865979381
237	600.0	320.0	39.02439024390244	51.21951219512195	62.5	37.5
238	420.0	392.0	57.3170731707317	40.243902439024396	5.1020408163265305	94.89795918367348
239	588.0	296.0	40.243902439024396	54.87804878048781	70.27027027027027	29.72972972972973
240	408.0	388.0	58.536585365853654	40.853658536585364	4.123711340206185	95.87628865979381
241	596.0	316.0	39.43089430894309	51.829268292682926	64.55696202531645	35.44303797468354
242	420.0	392.0	57.3170731707317	40.243902439024396	5.1020408163265305	94.89795918367348
243	600.0	308.0	39.02439024390244	53.04878048780488	66.23376623376623	33.76623376623377
244	420.0	392.0	57.3170731707317	40.243902439024396	5.1020408163265305	94.89795918367348
245	600.0	304.0	39.02439024390244	53.65853658536586	67.10526315789474	32.89473684210527
246	420.0	392.0	57.3170731707317	40.243902439024396	5.1020408163265305	94.89795918367348
247	596.0	292.0	39.43089430894309	55.487804878048784	69.86301369863014	30.136986301369863
248	416.0	392.0	57.72357723577236	40.243902439024396	5.1020408163265305	94.89795918367348
249	596.0	292.0	39.43089430894309	55.487804878048784	69.86301369863014	30.136986301369863
250	416.0	392.0	57.72357723577236	40.243902439024396	5.1020408163265305	94.89795918367348
251	596.0	288.0	39.43089430894309	56.09756097560976	70.83333333333334	29.166666666666668
252	416.0	388.0	57.72357723577236	40.853658536585364	4.123711340206185	95.87628865979381
253	592.0	288.0	39.83739837398374	56.09756097560976	70.83333333333334	29.166666666666668
254	412.0	388.0	58.13008130081301	40.853658536585364	4.123711340206185	95.87628865979381
255	596.0	288.0	39.43089430894309	56.09756097560976	70.83333333333334	29.166666666666668
256	408.0	388.0	58.536585365853654	40.853658536585364	4.123711340206185	95.87628865979381
257	596.0	296.0	39.43089430894309	54.87804878048781	71.62162162162163	28.37837837837838
258	408.0	388.0	58.536585365853654	40.853658536585364	4.123711340206185	95.87628865979381
259	588.0	296.0	40.243902439024396	54.87804878048781	71.62162162162163	28.37837837837838
260	400.0	388.0	59.34959349593496	40.853658536585364	4.123711340206185	95.87628865979381
261	588.0	292.0	40.243902439024396	55.487804878048784	72.6027397260274	27.397260273972602
262	400.0	384.0	59.34959349593496	41.46341463414634	3.125	96.875
263	592.0	296.0	39.83739837398374	54.87804878048781	72.97297297297297	27.027027027027028
264	400.0	380.0	59.34959349593496	42.073170731707314	2.1052631578947367	97.89473684210527
265	596.0	300.0	39.43089430894309	54.268292682926834	68.0	32.0
266	400.0	388.0	59.34959349593496	40.853658536585364	4.123711340206185	95.87628865979381
267	592.0	288.0	39.83739837398374	56.09756097560976	77.77777777777779	22.22222222222222
268	408.0	376.0	58.536585365853654	42.68292682926829	1.0638297872340425	98.93617021276596
269	608.0	300.0	38.21138211382114	54.268292682926834	66.66666666666666	33.33333333333333
270	400.0	388.0	59.34959349593496	40.853658536585364	4.123711340206185	95.87628865979381
271	592.0	288.0	39.83739837398374	56.09756097560976	77.77777777777779	22.22222222222222
272	408.0	376.0	58.536585365853654	42.68292682926829	1.0638297872340425	98.93617021276596
273	608.0	296.0	38.21138211382114	54.87804878048781	67.56756756756756	32.432432432432435
274	400.0	388.0	59.34959349593496	40.853658536585364	4.123711340206185	95.87628865979381
275	588.0	288.0	40.243902439024396	56.09756097560976	77.77777777777779	22.22222222222222
276	408.0	376.0	58.536585365853654	42.68292682926829	1.0638297872340425	98.93617021276596
277	600.0	300.0	39.02439024390244	54.268292682926834	68.0	32.0
278	400.0	384.0	59.34959349593496	41.46341463414634	3.125	96.875
279	588.0	288.0	40.243902439024396	56.09756097560976	77.77777777777779	22.22222222222222
280	408.0	376.0	58.536585365853654	42.68292682926829	1.0638297872340425	98.93617021276596
281	588.0	300.0	40.243902439024396	54.268292682926834	69.33333333333334	30.666666666666664
282	404.0	380.0	58.94308943089431	42.073170731707314	2.1052631578947367	97.89473684210527
283	596.0	288.0	39.43089430894309	56.09756097560976	75.0	25.0
284	408.0	376.0	58.536585365853654	42.68292682926829	1.0638297872340425	98.93617021276596
285	592.0	296.0	39.83739837398374	54.87804878048781	70.27027027027027	29.72972972972973
286	400.0	380.0	59.34959349593496	42.073170731707314	2.1052631578947367	97.89473684210527
287	596.0	288.0	39.43089430894309	56.09756097560976	75.0	25.0
288	408.0	376.0	58.536585365853654	42.68292682926829	1.0638297872340425	98.93617021276596
289	588.0	300.0	40.243902439024396	54.268292682926834	70.66666666666667	29.333333333333332
290	408.0	376.0	58.536585365853654	42.68292682926829	1.0638297872340425	98.93617021276596
291	596.0	284.0	39.43089430894309	56.70731707317073	77.46478873239437	22.535211267605636
292	408.0	376.0	58.536585365853654	42.68292682926829	1.0638297872340425	98.93617021276596
293	588.0	292.0	40.243902439024396	55.487804878048784	72.6027397260274	27.397260273972602
294	408.0	376.0	58.536585365853654	42.68292682926829	1.0638297872340425	98.93617021276596
295	592.0	292.0	39.83739837398374	55.487804878048784	72.6027397260274	27.397260273972602
296	408.0	372.0	58.536585365853654	43.292682926829265	0.0	100.0
297	584.0	300.0	40.65040650406504	54.268292682926834	70.66666666666667	29.333333333333332
298	408.0	376.0	58.536585365853654	42.68292682926829	1.0638297872340425	98.93617021276596
299	588.0	288.0	40.243902439024396	56.09756097560976	75.0	25.0
300	408.0	372.0	58.536585365853654	43.292682926829265	0.0	100.0
301	584.0	300.0	40.65040650406504	54.268292682926834	70.66666666666667	29.333333333333332
302	412.0	376.0	58.13008130081301	42.68292682926829	1.0638297872340425	98.93617021276596
303	592.0	288.0	39.83739837398374	56.09756097560976	77.77777777777779	22.22222222222222
304	408.0	372.0	58.536585365853654	43.292682926829265	0.0	100.0
305	584.0	296.0	40.65040650406504	54.87804878048781	70.27027027027027	29.72972972972973
306	408.0	376.0	58.536585365853654	42.68292682926829	1.0638297872340425	98.93617021276596
307	592.0	280.0	39.83739837398374	57.3170731707317	80.0	20.0
308	408.0	372.0	58.536585365853654	43.292682926829265	0.0	100.0
309	596.0	296.0	39.43089430894309	54.87804878048781	70.27027027027027	29.72972972972973
310	408.0	376.0	58.536585365853654	42.68292682926829	1.0638297872340425	98.93617021276596
311	592.0	292.0	39.83739837398374	55.487804878048784	80.82191780821918	19.17808219178082
312	408.0	372.0	58.536585365853654	43.292682926829265	0.0	100.0
313	604.0	296.0	38.61788617886179	54.87804878048781	64.86486486486487	35.13513513513514
314	412.0	392.0	58.13008130081301	40.243902439024396	5.1020408163265305	94.89795918367348
315	588.0	276.0	40.243902439024396	57.92682926829268	88.40579710144928	11.594202898550725
316	408.0	372.0	58.536585365853654	43.292682926829265	0.0	100.0
317	600.0	328.0	39.02439024390244	50.0	56.09756097560976	43.90243902439025
318	444.0	388.0	54.87804878048781	40.853658536585364	5.154639175257731	94.84536082474226
319	588.0	276.0	40.243902439024396	57.92682926829268	92.7536231884058	7.246376811594203
320	408.0	372.0	58.536585365853654	43.292682926829265	0.0	100.0
321	580.0	332.0	41.05691056910569	49.390243902439025	53.01204819277109	46.98795180722892
322	452.0	380.0	54.0650406504065	42.073170731707314	5.263157894736842	94.73684210526315
323	580.0	280.0	41.05691056910569	57.3170731707317	92.85714285714286	7.142857142857142
324	408.0	372.0	58.536585365853654	43.292682926829265	0.0	100.0
325	584.0	336.0	40.65040650406504	48.78048780487805	50.0	50.0
326	464.0	376.0	52.84552845528455	42.68292682926829	5.319148936170213	94.68085106382979
327	580.0	280.0	41.05691056910569	57.3170731707317	92.85714285714286	7.142857142857142
328	408.0	372.0	58.536585365853654	43.292682926829265	0.0	100.0
329	572.0	340.0	41.86991869918699	48.170731707317074	49.411764705882355	50.588235294117645
330	456.0	376.0	53.65853658536586	42.68292682926829	7.446808510638298	92.5531914893617
331	584.0	272.0	40.65040650406504	58.536585365853654	89.70588235294117	10.294117647058822
332	408.0	372.0	58.536585365853654	43.292682926829265	0.0	100.0
333	576.0	336.0	41.46341463414634	48.78048780487805	51.19047619047619	48.80952380952381
334	452.0	380.0	54.0650406504065	42.073170731707314	5.263157894736842	94.73684210526315
335	576.0	276.0	41.46341463414634	57.92682926829268	94.20289855072464	5.797101449275362
336	408.0	372.0	58.536585365853654	43.292682926829265	0.0	100.0
337	576.0	336.0	41.46341463414634	48.78048780487805	48.80952380952381	51.19047619047619
338	464.0	376.0	52.84552845528455	42.68292682926829	7.446808510638298	92.5531914893617
339	580.0	272.0	41.05691056910569	58.536585365853654	89.70588235294117	10.294117647058822
340	408.0	372.0	58.536585365853654	43.292682926829265	0.0	100.0
341	592.0	340.0	39.83739837398374	48.170731707317074	52.94117647058824	47.05882352941176
342	444.0	388.0	54.87804878048781	40.853658536585364	5.154639175257731	94.84536082474226
343	580.0	280.0	41.05691056910569	57.3170731707317	94.28571428571428	5.714285714285714
344	408.0	372.0	58.536585365853654	43.292682926829265	0.0	100.0
345	576.0	336.0	41.46341463414634	48.78048780487805	51.19047619047619	48.80952380952381
346	452.0	380.0	54.0650406504065	42.073170731707314	5.263157894736842	94.73684210526315
347	580.0	280.0	41.05691056910569	57.3170731707317	94.28571428571428	5.714285714285714
348	408.0	372.0	58.536585365853654	43.292682926829265	0.0	100.0
349	572.0	344.0	41.86991869918699	47.5609756097561	50.0	50.0
350	452.0	380.0	54.0650406504065	42.073170731707314	5.263157894736842	94.73684210526315
351	576.0	276.0	41.46341463414634	57.92682926829268	95.65217391304348	4.3478260869565215
352	408.0	372.0	58.536585365853654	43.292682926829265	0.0	100.0
353	572.0	344.0	41.86991869918699	47.5609756097561	50.0	50.0
354	464.0	372.0	52.84552845528455	43.292682926829265	5.376344086021505	94.6236559139785
355	580.0	280.0	41.05691056910569	57.3170731707317	94.28571428571428	5.714285714285714
356	408.0	372.0	58.536585365853654	43.292682926829265	0.0	100.0
357	576.0	344.0	41.46341463414634	47.5609756097561	50.0	50.0
358	448.0	384.0	54.47154471544715	41.46341463414634	5.208333333333334	94.79166666666666
359	576.0	280.0	41.46341463414634	57.3170731707317	95.71428571428572	4.285714285714286
360	408.0	372.0	58.536585365853654	43.292682926829265	0.0	100.0
361	576.0	340.0	41.46341463414634	48.170731707317074	52.94117647058824	47.05882352941176
362	448.0	384.0	54.47154471544715	41.46341463414634	5.208333333333334	94.79166666666666
363	576.0	280.0	41.46341463414634	57.3170731707317	95.71428571428572	4.285714285714286
364	408.0	372.0	58.536585365853654	43.292682926829265	0.0	100.0
365	572.0	340.0	41.86991869918699	48.170731707317074	52.94117647058824	47.05882352941176
366	448.0	384.0	54.47154471544715	41.46341463414634	5.208333333333334	94.79166666666666
367	576.0	276.0	41.46341463414634	57.92682926829268	97.10144927536231	2.898550724637681
368	408.0	372.0	58.536585365853654	43.292682926829265	0.0	100.0
369	592.0	340.0	39.83739837398374	48.170731707317074	52.94117647058824	47.05882352941176
370	436.0	388.0	55.6910569105691	40.853658536585364	5.154639175257731	94.84536082474226
371	576.0	276.0	41.46341463414634	57.92682926829268	97.10144927536231	2.898550724637681
372	408.0	372.0	58.536585365853654	43.292682926829265	0.0	100.0
373	592.0	340.0	39.83739837398374	48.170731707317074	52.94117647058824	47.05882352941176
374	428.0	388.0	56.50406504065041	40.853658536585364	5.154639175257731	94.84536082474226
375	576.0	280.0	41.46341463414634	57.3170731707317	97.14285714285714	2.857142857142857
376	408.0	372.0	58.536585365853654	43.292682926829265	0.0	100.0
377	572.0	340.0	41.86991869918699	48.170731707317074	52.94117647058824	47.05882352941176
378	444.0	388.0	54.87804878048781	40.853658536585364	5.154639175257731	94.84536082474226
379	572.0	280.0	41.86991869918699	57.3170731707317	97.14285714285714	2.857142857142857
380	408.0	372.0	58.536585365853654	43.292682926829265	0.0	100.0
381	580.0	340.0	41.05691056910569	48.170731707317074	52.94117647058824	47.05882352941176
382	436.0	388.0	55.6910569105691	40.853658536585364	5.154639175257731	94.84536082474226
383	576.0	280.0	41.46341463414634	57.3170731707317	97.14285714285714	2.857142857142857
384	408.0	372.0	58.536585365853654	43.292682926829265	0.0	100.0
385	572.0	344.0	41.86991869918699	47.5609756097561	52.32558139534884	47.674418604651166
386	444.0	388.0	54.87804878048781	40.853658536585364	5.154639175257731	94.84536082474226
387	568.0	280.0	42.27642276422765	57.3170731707317	98.57142857142858	1.4285714285714286
388	408.0	372.0	58.536585365853654	43.292682926829265	0.0	100.0
389	576.0	344.0	41.46341463414634	47.5609756097561	52.32558139534884	47.674418604651166
390	432.0	392.0	56.09756097560976	40.243902439024396	5.1020408163265305	94.89795918367348
391	568.0	276.0	42.27642276422765	57.92682926829268	98.55072463768117	1.4492753623188406
392	408.0	372.0	58.536585365853654	43.292682926829265	0.0	100.0
393	584.0	352.0	40.65040650406504	46.34146341463415	51.13636363636363	48.86363636363637
394	448.0	384.0	54.47154471544715	41.46341463414634	5.208333333333334	94.79166666666666
395	568.0	280.0	42.27642276422765	57.3170731707317	98.57142857142858	1.4285714285714286
396	408.0	372.0	58.536585365853654	43.292682926829265	0.0	100.0
397	588.0	332.0	40.243902439024396	49.390243902439025	54.21686746987952	45.78313253012048
398	420.0	392.0	57.3170731707317	40.243902439024396	5.1020408163265305	94.89795918367348
399	568.0	280.0	42.27642276422765	57.3170731707317	98.57142857142858	1.4285714285714286
400	408.0	372.0	58.536585365853654	43.292682926829265	0.0	100.0
401	580.0	336.0	41.05691056910569	48.78048780487805	53.57142857142857	46.42857142857143
402	420.0	392.0	57.3170731707317	40.243902439024396	5.1020408163265305	94.89795918367348
403	572.0	280.0	41.86991869918699	57.3170731707317	100.0	0.0
404	408.0	372.0	58.536585365853654	43.292682926829265	0.0	100.0
405	592.0	336.0	39.83739837398374	48.78048780487805	54.761904761904766	45.23809523809524
406	416.0	392.0	57.72357723577236	40.243902439024396	5.1020408163265305	94.89795918367348
407	568.0	280.0	42.27642276422765	57.3170731707317	100.0	0.0
408	408.0	372.0	58.536585365853654	43.292682926829265	0.0	100.0
409	580.0	336.0	41.05691056910569	48.78048780487805	53.57142857142857	46.42857142857143
410	420.0	392.0	57.3170731707317	40.243902439024396	5.1020408163265305	94.89795918367348
411	576.0	280.0	41.46341463414634	57.3170731707317	100.0	0.0
412	408.0	372.0	58.536585365853654	43.292682926829265	0.0	100.0
413	580.0	336.0	41.05691056910569	48.78048780487805	53.57142857142857	46.42857142857143
414	420.0	392.0	57.3170731707317	40.243902439024396	5.1020408163265305	94.89795918367348
415	576.0	280.0	41.46341463414634	57.3170731707317	100.0	0.0
416	408.0	372.0	58.536585365853654	43.292682926829265	0.0	100.0
417	580.0	336.0	41.05691056910569	48.78048780487805	53.57142857142857	46.42857142857143
418	416.0	392.0	57.72357723577236	40.243902439024396	5.1020408163265305	94.89795918367348
419	576.0	280.0	41.46341463414634	57.3170731707317	100.0	0.0
420	408.0	372.0	58.536585365853654	43.292682926829265	0.0	100.0
421	584.0	336.0	40.65040650406504	48.78048780487805	53.57142857142857	46.42857142857143
422	416.0	392.0	57.72357723577236	40.243902439024396	5.1020408163265305	94.89795918367348
423	576.0	280.0	41.46341463414634	57.3170731707317	100.0	0.0
424	408.0	372.0	58.536585365853654	43.292682926829265	0.0	100.0
425	584.0	336.0	40.65040650406504	48.78048780487805	53.57142857142857	46.42857142857143
426	412.0	392.0	58.13008130081301	40.243902439024396	5.1020408163265305	94.89795918367348
427	576.0	280.0	41.46341463414634	57.3170731707317	100.0	0.0
428	408.0	372.0	58.536585365853654	43.292682926829265	0.0	100.0
429	596.0	340.0	39.43089430894309	48.170731707317074	55.294117647058826	44.70588235294118
430	412.0	392.0	58.13008130081301	40.243902439024396	5.1020408163265305	94.89795918367348
431	576.0	280.0	41.46341463414634	57.3170731707317	100.0	0.0
432	408.0	372.0	58.536585365853654	43.292682926829265	0.0	100.0
433	584.0	352.0	40.65040650406504	46.34146341463415	51.13636363636363	48.86363636363637
434	436.0	388.0	55.6910569105691	40.853658536585364	5.154639175257731	94.84536082474226
435	576.0	280.0	41.46341463414634	57.3170731707317	100.0	0.0
436	408.0	372.0	58.536585365853654	43.292682926829265	0.0	100.0
437	592.0	340.0	39.83739837398374	48.170731707317074	55.294117647058826	44.70588235294118
438	408.0	384.0	58.536585365853654	41.46341463414634	3.125	96.875
439	576.0	280.0	41.46341463414634	57.3170731707317	100.0	0.0
440	408.0	372.0	58.536585365853654	43.292682926829265	0.0	100.0
441	584.0	348.0	40.65040650406504	46.95121951219512	51.724137931034484	48.275862068965516
442	412.0	392.0	58.13008130081301	40.243902439024396	5.1020408163265305	94.89795918367348
443	576.0	284.0	41.46341463414634	56.70731707317073	100.0	0.0
444	408.0	372.0	58.536585365853654	43.292682926829265	0.0	100.0
445	608.0	316.0	38.21138211382114	51.829268292682926	60.75949367088608	39.24050632911392
446	404.0	372.0	58.94308943089431	43.292682926829265	0.0	100.0
447	580.0	276.0	41.05691056910569	57.92682926829268	94.20289855072464	5.797101449275362
448	408.0	372.0	58.536585365853654	43.292682926829265	0.0	100.0
449	544.0	356.0	44.71544715447154	45.73170731707317	32.58426966292135	67.41573033707866
450	496.0	360.0	49.59349593495935	45.1219512195122	13.333333333333334	86.66666666666667
451	564.0	276.0	42.68292682926829	57.92682926829268	81.15942028985508	18.84057971014493
452	408.0	372.0	58.536585365853654	43.292682926829265	0.0	100.0
453	592.0	340.0	39.83739837398374	48.170731707317074	55.294117647058826	44.70588235294118
454	408.0	380.0	58.536585365853654	42.073170731707314	2.1052631578947367	97.89473684210527
455	576.0	280.0	41.46341463414634	57.3170731707317	100.0	0.0
456	408.0	372.0	58.536585365853654	43.292682926829265	0.0	100.0
457	588.0	340.0	40.243902439024396	48.170731707317074	55.294117647058826	44.70588235294118
458	412.0	376.0	58.13008130081301	42.68292682926829	1.0638297872340425	98.93617021276596
459	576.0	280.0	41.46341463414634	57.3170731707317	100.0	0.0
460	408.0	372.0	58.536585365853654	43.292682926829265	0.0	100.0
461	584.0	340.0	40.65040650406504	48.170731707317074	55.294117647058826	44.70588235294118
462	412.0	384.0	58.13008130081301	41.46341463414634	3.125	96.875
463	576.0	284.0	41.46341463414634	56.70731707317073	100.0	0.0
464	408.0	372.0	58.536585365853654	43.292682926829265	0.0	100.0
465	588.0	340.0	40.243902439024396	48.170731707317074	56.470588235294116	43.529411764705884
466	412.0	376.0	58.13008130081301	42.68292682926829	1.0638297872340425	98.93617021276596
467	576.0	284.0	41.46341463414634	56.70731707317073	100.0	0.0
468	408.0	372.0	58.536585365853654	43.292682926829265	0.0	100.0
469	588.0	340.0	40.243902439024396	48.170731707317074	56.470588235294116	43.529411764705884
470	404.0	376.0	58.94308943089431	42.68292682926829	1.0638297872340425	98.93617021276596
471	576.0	284.0	41.46341463414634	56.70731707317073	100.0	0.0
472	408.0	372.0	58.536585365853654	43.292682926829265	0.0	100.0
473	608.0	324.0	38.21138211382114	50.609756097560975	59.25925925925925	40.74074074074074
474	404.0	372.0	58.94308943089431	43.292682926829265	0.0	100.0
475	572.0	280.0	41.86991869918699	57.3170731707317	100.0	0.0
476	408.0	372.0	58.536585365853654	43.292682926829265	0.0	100.0
477	564.0	348.0	42.68292682926829	46.95121951219512	47.12643678160919	52.87356321839081
478	444.0	384.0	54.87804878048781	41.46341463414634	5.208333333333334	94.79166666666666
479	576.0	284.0	41.46341463414634	56.70731707317073	100.0	0.0
480	408.0	372.0	58.536585365853654	43.292682926829265	0.0	100.0
481	596.0	312.0	39.43089430894309	52.4390243902439	69.23076923076923	30.76923076923077
482	408.0	372.0	58.536585365853654	43.292682926829265	0.0	100.0
483	556.0	276.0	43.49593495934959	57.92682926829268	81.15942028985508	18.84057971014493
484	408.0	372.0	58.536585365853654	43.292682926829265	0.0	100.0
485	592.0	328.0	39.83739837398374	50.0	58.536585365853654	41.46341463414634
486	400.0	372.0	59.34959349593496	43.292682926829265	0.0	100.0
487	576.0	280.0	41.46341463414634	57.3170731707317	100.0	0.0
488	408.0	372.0	58.536585365853654	43.292682926829265	0.0	100.0
489	560.0	344.0	43.08943089430895	47.5609756097561	47.674418604651166	52.32558139534884
490	444.0	384.0	54.87804878048781	41.46341463414634	5.208333333333334	94.79166666666666
491	576.0	284.0	41.46341463414634	56.70731707317073	100.0	0.0
492	408.0	372.0	58.536585365853654	43.292682926829265	0.0	100.0
493	592.0	296.0	39.83739837398374	54.87804878048781	72.97297297297297	27.027027027027028
494	408.0	372.0	58.536585365853654	43.292682926829265	0.0	100.0
495	560.0	276.0	43.08943089430895	57.92682926829268	81.15942028985508	18.84057971014493
496	408.0	372.0	58.536585365853654	43.292682926829265	0.0	100.0
497	580.0	348.0	41.05691056910569	46.95121951219512	51.724137931034484	48.275862068965516
498	408.0	384.0	58.536585365853654	41.46341463414634	3.125	96.875
499	576.0	284.0	41.46341463414634	56.70731707317073	100.0	0.0
