0	452.0	344.0	54.0650406504065	47.5609756097561	8.13953488372093	91.86046511627907
1	504.0	324.0	48.78048780487805	50.609756097560975	43.20987654320987	56.79012345679012
2	444.0	340.0	54.87804878048781	48.170731707317074	0.0	100.0
3	484.0	344.0	50.81300813008131	47.5609756097561	44.18604651162791	55.81395348837209
4	524.0	376.0	46.7479674796748	42.68292682926829	78.72340425531915	21.27659574468085
5	484.0	352.0	50.81300813008131	46.34146341463415	65.9090909090909	34.090909090909086
6	440.0	340.0	55.28455284552846	48.170731707317074	0.0	100.0
7	532.0	368.0	45.9349593495935	43.90243902439025	26.08695652173913	73.91304347826086
8	440.0	340.0	55.28455284552846	48.170731707317074	0.0	100.0
9	440.0	340.0	55.28455284552846	48.170731707317074	0.0	100.0
10	444.0	340.0	54.87804878048781	48.170731707317074	0.0	100.0
11	440.0	340.0	55.28455284552846	48.170731707317074	0.0	100.0
12	484.0	364.0	50.81300813008131	44.51219512195122	75.82417582417582	24.175824175824175
13	544.0	316.0	44.71544715447154	51.829268292682926	100.0	0.0
14	440.0	340.0	55.28455284552846	48.170731707317074	0.0	100.0
15	540.0	368.0	45.1219512195122	43.90243902439025	22.82608695652174	77.17391304347827
16	540.0	316.0	45.1219512195122	51.829268292682926	100.0	0.0
17	544.0	316.0	44.71544715447154	51.829268292682926	100.0	0.0
18	524.0	356.0	46.7479674796748	45.73170731707317	50.56179775280899	49.43820224719101
19	444.0	340.0	54.87804878048781	48.170731707317074	0.0	100.0
20	440.0	340.0	55.28455284552846	48.170731707317074	0.0	100.0
21	440.0	340.0	55.28455284552846	48.170731707317074	0.0	100.0
22	536.0	316.0	45.52845528455284	51.829268292682926	98.73417721518987	1.2658227848101267
23	540.0	332.0	45.1219512195122	49.390243902439025	91.56626506024097	8.433734939759036
24	520.0	360.0	47.15447154471545	45.1219512195122	32.22222222222222	67.77777777777779
25	440.0	340.0	55.28455284552846	48.170731707317074	0.0	100.0
26	440.0	340.0	55.28455284552846	48.170731707317074	0.0	100.0
27	440.0	340.0	55.28455284552846	48.170731707317074	0.0	100.0
28	440.0	340.0	55.28455284552846	48.170731707317074	0.0	100.0
29	508.0	376.0	48.3739837398374	42.68292682926829	60.63829787234043	39.361702127659576
30	536.0	320.0	45.52845528455284	51.21951219512195	97.5	2.5
31	448.0	344.0	54.47154471544715	47.5609756097561	1.1627906976744187	98.83720930232558
32	448.0	340.0	54.47154471544715	48.170731707317074	0.0	100.0
33	532.0	320.0	45.9349593495935	51.21951219512195	97.5	2.5
34	440.0	340.0	55.28455284552846	48.170731707317074	0.0	100.0
35	536.0	316.0	45.52845528455284	51.829268292682926	100.0	0.0
36	440.0	340.0	55.28455284552846	48.170731707317074	0.0	100.0
37	536.0	328.0	45.52845528455284	50.0	95.1219512195122	4.878048780487805
38	536.0	320.0	45.52845528455284	51.21951219512195	97.5	2.5
39	440.0	340.0	55.28455284552846	48.170731707317074	0.0	100.0
40	544.0	316.0	44.71544715447154	51.829268292682926	100.0	0.0
41	544.0	316.0	44.71544715447154	51.829268292682926	100.0	0.0
42	544.0	316.0	44.71544715447154	51.829268292682926	100.0	0.0
43	440.0	340.0	55.28455284552846	48.170731707317074	0.0	100.0
44	440.0	340.0	55.28455284552846	48.170731707317074	0.0	100.0
45	536.0	312.0	45.52845528455284	52.4390243902439	100.0	0.0
46	440.0	340.0	55.28455284552846	48.170731707317074	0.0	100.0
47	440.0	340.0	55.28455284552846	48.170731707317074	0.0	100.0
48	440.0	340.0	55.28455284552846	48.170731707317074	0.0	100.0
49	536.0	312.0	45.52845528455284	52.4390243902439	100.0	0.0
50	500.0	368.0	49.1869918699187	43.90243902439025	67.3913043478261	32.608695652173914
51	544.0	316.0	44.71544715447154	51.829268292682926	100.0	0.0
52	496.0	364.0	49.59349593495935	44.51219512195122	65.93406593406593	34.065934065934066
53	440.0	340.0	55.28455284552846	48.170731707317074	0.0	100.0
54	440.0	340.0	55.28455284552846	48.170731707317074	0.0	100.0
55	440.0	340.0	55.28455284552846	48.170731707317074	0.0	100.0
56	544.0	316.0	44.71544715447154	51.829268292682926	100.0	0.0
57	536.0	312.0	45.52845528455284	52.4390243902439	100.0	0.0
58	544.0	316.0	44.71544715447154	51.829268292682926	100.0	0.0
59	440.0	340.0	55.28455284552846	48.170731707317074	0.0	100.0
60	484.0	372.0	50.81300813008131	43.292682926829265	31.182795698924732	68.81720430107528
61	448.0	356.0	54.47154471544715	45.73170731707317	4.49438202247191	95.50561797752809
62	536.0	316.0	45.52845528455284	51.829268292682926	100.0	0.0
63	440.0	340.0	55.28455284552846	48.170731707317074	0.0	100.0
64	544.0	316.0	44.71544715447154	51.829268292682926	100.0	0.0
65	536.0	324.0	45.52845528455284	50.609756097560975	96.29629629629629	3.7037037037037033
66	544.0	316.0	44.71544715447154	51.829268292682926	100.0	0.0
67	536.0	316.0	45.52845528455284	51.829268292682926	100.0	0.0
68	440.0	340.0	55.28455284552846	48.170731707317074	0.0	100.0
69	440.0	340.0	55.28455284552846	48.170731707317074	0.0	100.0
70	544.0	316.0	44.71544715447154	51.829268292682926	100.0	0.0
71	440.0	340.0	55.28455284552846	48.170731707317074	0.0	100.0
72	440.0	340.0	55.28455284552846	48.170731707317074	0.0	100.0
73	548.0	352.0	44.3089430894309	46.34146341463415	86.36363636363636	13.636363636363635
74	448.0	384.0	54.47154471544715	41.46341463414634	17.708333333333336	82.29166666666666
75	440.0	340.0	55.28455284552846	48.170731707317074	0.0	100.0
76	440.0	340.0	55.28455284552846	48.170731707317074	0.0	100.0
77	440.0	340.0	55.28455284552846	48.170731707317074	0.0	100.0
78	440.0	340.0	55.28455284552846	48.170731707317074	0.0	100.0
79	440.0	340.0	55.28455284552846	48.170731707317074	0.0	100.0
80	540.0	316.0	45.1219512195122	51.829268292682926	100.0	0.0
81	536.0	320.0	45.52845528455284	51.21951219512195	97.5	2.5
82	536.0	336.0	45.52845528455284	48.78048780487805	90.47619047619048	9.523809523809524
83	440.0	340.0	55.28455284552846	48.170731707317074	0.0	100.0
84	540.0	316.0	45.1219512195122	51.829268292682926	100.0	0.0
85	544.0	316.0	44.71544715447154	51.829268292682926	100.0	0.0
86	440.0	340.0	55.28455284552846	48.170731707317074	0.0	100.0
87	440.0	340.0	55.28455284552846	48.170731707317074	0.0	100.0
88	440.0	340.0	55.28455284552846	48.170731707317074	0.0	100.0
89	440.0	340.0	55.28455284552846	48.170731707317074	0.0	100.0
90	540.0	316.0	45.1219512195122	51.829268292682926	100.0	0.0
91	440.0	340.0	55.28455284552846	48.170731707317074	0.0	100.0
92	440.0	340.0	55.28455284552846	48.170731707317074	0.0	100.0
93	544.0	316.0	44.71544715447154	51.829268292682926	100.0	0.0
94	532.0	316.0	45.9349593495935	51.829268292682926	98.73417721518987	1.2658227848101267
95	536.0	312.0	45.52845528455284	52.4390243902439	100.0	0.0
96	440.0	340.0	55.28455284552846	48.170731707317074	0.0	100.0
97	540.0	348.0	45.1219512195122	46.95121951219512	82.75862068965517	17.24137931034483
98	440.0	340.0	55.28455284552846	48.170731707317074	0.0	100.0
99	548.0	356.0	44.3089430894309	45.73170731707317	84.26966292134831	15.730337078651685
100	440.0	340.0	55.28455284552846	48.170731707317074	0.0	100.0
101	440.0	340.0	55.28455284552846	48.170731707317074	0.0	100.0
102	556.0	356.0	43.49593495934959	45.73170731707317	83.14606741573034	16.853932584269664
103	432.0	368.0	56.09756097560976	43.90243902439025	17.391304347826086	82.6086956521739
104	532.0	364.0	45.9349593495935	44.51219512195122	79.12087912087912	20.87912087912088
105	440.0	340.0	55.28455284552846	48.170731707317074	0.0	100.0
106	544.0	316.0	44.71544715447154	51.829268292682926	100.0	0.0
107	440.0	340.0	55.28455284552846	48.170731707317074	0.0	100.0
108	544.0	316.0	44.71544715447154	51.829268292682926	100.0	0.0
109	552.0	348.0	43.90243902439025	46.95121951219512	83.9080459770115	16.091954022988507
110	532.0	340.0	45.9349593495935	48.170731707317074	89.41176470588236	10.588235294117647
111	440.0	340.0	55.28455284552846	48.170731707317074	0.0	100.0
112	440.0	340.0	55.28455284552846	48.170731707317074	0.0	100.0
113	436.0	360.0	55.6910569105691	45.1219512195122	34.44444444444444	65.55555555555556
114	440.0	340.0	55.28455284552846	48.170731707317074	0.0	100.0
115	488.0	364.0	50.40650406504065	44.51219512195122	51.64835164835166	48.35164835164835
116	440.0	340.0	55.28455284552846	48.170731707317074	0.0	100.0
117	440.0	340.0	55.28455284552846	48.170731707317074	0.0	100.0
118	440.0	340.0	55.28455284552846	48.170731707317074	0.0	100.0
119	440.0	340.0	55.28455284552846	48.170731707317074	0.0	100.0
120	440.0	340.0	55.28455284552846	48.170731707317074	0.0	100.0
121	440.0	340.0	55.28455284552846	48.170731707317074	0.0	100.0
122	440.0	340.0	55.28455284552846	48.170731707317074	0.0	100.0
123	428.0	316.0	56.50406504065041	51.829268292682926	73.41772151898735	26.582278481012654
124	440.0	340.0	55.28455284552846	48.170731707317074	0.0	100.0
125	544.0	316.0	44.71544715447154	51.829268292682926	100.0	0.0
126	440.0	340.0	55.28455284552846	48.170731707317074	0.0	100.0
127	440.0	340.0	55.28455284552846	48.170731707317074	0.0	100.0
128	440.0	340.0	55.28455284552846	48.170731707317074	0.0	100.0
129	544.0	316.0	44.71544715447154	51.829268292682926	100.0	0.0
130	516.0	332.0	47.5609756097561	49.390243902439025	87.95180722891565	12.048192771084338
131	440.0	340.0	55.28455284552846	48.170731707317074	0.0	100.0
132	440.0	340.0	55.28455284552846	48.170731707317074	0.0	100.0
133	456.0	340.0	53.65853658536586	48.170731707317074	10.588235294117647	89.41176470588236
134	440.0	340.0	55.28455284552846	48.170731707317074	0.0	100.0
135	440.0	340.0	55.28455284552846	48.170731707317074	0.0	100.0
136	496.0	364.0	49.59349593495935	44.51219512195122	37.362637362637365	62.637362637362635
137	544.0	316.0	44.71544715447154	51.829268292682926	100.0	0.0
138	536.0	316.0	45.52845528455284	51.829268292682926	100.0	0.0
139	540.0	316.0	45.1219512195122	51.829268292682926	100.0	0.0
140	440.0	340.0	55.28455284552846	48.170731707317074	0.0	100.0
141	544.0	316.0	44.71544715447154	51.829268292682926	100.0	0.0
142	460.0	384.0	53.2520325203252	41.46341463414634	33.33333333333333	66.66666666666666
143	540.0	316.0	45.1219512195122	51.829268292682926	100.0	0.0
144	544.0	316.0	44.71544715447154	51.829268292682926	100.0	0.0
145	448.0	384.0	54.47154471544715	41.46341463414634	40.625	59.375
146	468.0	332.0	52.4390243902439	49.390243902439025	77.10843373493977	22.89156626506024
147	544.0	316.0	44.71544715447154	51.829268292682926	100.0	0.0
148	532.0	336.0	45.9349593495935	48.78048780487805	86.90476190476191	13.095238095238097
149	536.0	316.0	45.52845528455284	51.829268292682926	100.0	0.0
150	440.0	348.0	55.28455284552846	46.95121951219512	2.2988505747126435	97.70114942528735
151	448.0	384.0	54.47154471544715	41.46341463414634	46.875	53.125
152	440.0	340.0	55.28455284552846	48.170731707317074	0.0	100.0
153	440.0	340.0	55.28455284552846	48.170731707317074	0.0	100.0
154	528.0	316.0	46.34146341463415	51.829268292682926	97.46835443037975	2.5316455696202533
155	440.0	340.0	55.28455284552846	48.170731707317074	0.0	100.0
156	540.0	316.0	45.1219512195122	51.829268292682926	100.0	0.0
157	440.0	340.0	55.28455284552846	48.170731707317074	0.0	100.0
158	540.0	316.0	45.1219512195122	51.829268292682926	100.0	0.0
159	540.0	316.0	45.1219512195122	51.829268292682926	100.0	0.0
160	440.0	340.0	55.28455284552846	48.170731707317074	0.0	100.0
161	440.0	340.0	55.28455284552846	48.170731707317074	0.0	100.0
162	436.0	340.0	55.6910569105691	48.170731707317074	0.0	100.0
163	440.0	340.0	55.28455284552846	48.170731707317074	0.0	100.0
164	468.0	372.0	52.4390243902439	43.292682926829265	33.33333333333333	66.66666666666666
165	440.0	340.0	55.28455284552846	48.170731707317074	0.0	100.0
166	420.0	312.0	57.3170731707317	52.4390243902439	69.23076923076923	30.76923076923077
167	440.0	340.0	55.28455284552846	48.170731707317074	0.0	100.0
168	544.0	316.0	44.71544715447154	51.829268292682926	100.0	0.0
169	460.0	356.0	53.2520325203252	45.73170731707317	53.93258426966292	46.06741573033708
170	544.0	316.0	44.71544715447154	51.829268292682926	100.0	0.0
171	540.0	316.0	45.1219512195122	51.829268292682926	100.0	0.0
172	536.0	332.0	45.52845528455284	49.390243902439025	85.54216867469879	14.457831325301203
173	432.0	336.0	56.09756097560976	48.78048780487805	7.142857142857142	92.85714285714286
174	536.0	316.0	45.52845528455284	51.829268292682926	93.67088607594937	6.329113924050633
175	440.0	340.0	55.28455284552846	48.170731707317074	0.0	100.0
176	440.0	340.0	55.28455284552846	48.170731707317074	0.0	100.0
177	440.0	340.0	55.28455284552846	48.170731707317074	0.0	100.0
178	536.0	312.0	45.52845528455284	52.4390243902439	100.0	0.0
179	532.0	312.0	45.9349593495935	52.4390243902439	98.71794871794873	1.282051282051282
180	440.0	340.0	55.28455284552846	48.170731707317074	0.0	100.0
181	520.0	316.0	47.15447154471545	51.829268292682926	93.67088607594937	6.329113924050633
182	452.0	364.0	54.0650406504065	44.51219512195122	48.35164835164835	51.64835164835166
183	440.0	340.0	55.28455284552846	48.170731707317074	0.0	100.0
184	428.0	380.0	56.50406504065041	42.073170731707314	38.94736842105263	61.05263157894737
185	440.0	340.0	55.28455284552846	48.170731707317074	0.0	100.0
186	428.0	320.0	56.50406504065041	51.21951219512195	76.25	23.75
187	528.0	312.0	46.34146341463415	52.4390243902439	97.43589743589743	2.564102564102564
188	544.0	316.0	44.71544715447154	51.829268292682926	100.0	0.0
189	536.0	316.0	45.52845528455284	51.829268292682926	100.0	0.0
190	440.0	340.0	55.28455284552846	48.170731707317074	0.0	100.0
191	544.0	316.0	44.71544715447154	51.829268292682926	100.0	0.0
192	544.0	316.0	44.71544715447154	51.829268292682926	100.0	0.0
193	528.0	316.0	46.34146341463415	51.829268292682926	96.20253164556962	3.79746835443038
194	532.0	316.0	45.9349593495935	51.829268292682926	100.0	0.0
195	532.0	316.0	45.9349593495935	51.829268292682926	100.0	0.0
196	440.0	340.0	55.28455284552846	48.170731707317074	0.0	100.0
197	532.0	312.0	45.9349593495935	52.4390243902439	96.15384615384616	3.8461538461538463
198	440.0	340.0	55.28455284552846	48.170731707317074	0.0	100.0
199	544.0	316.0	44.71544715447154	51.829268292682926	100.0	0.0
200	440.0	340.0	55.28455284552846	48.170731707317074	0.0	100.0
201	440.0	340.0	55.28455284552846	48.170731707317074	0.0	100.0
202	428.0	380.0	56.50406504065041	42.073170731707314	47.368421052631575	52.63157894736842
203	440.0	340.0	55.28455284552846	48.170731707317074	0.0	100.0
204	536.0	316.0	45.52845528455284	51.829268292682926	100.0	0.0
205	464.0	324.0	52.84552845528455	50.609756097560975	64.19753086419753	35.80246913580247
206	440.0	340.0	55.28455284552846	48.170731707317074	0.0	100.0
207	532.0	308.0	45.9349593495935	53.04878048780488	100.0	0.0
208	544.0	316.0	44.71544715447154	51.829268292682926	100.0	0.0
209	484.0	312.0	50.81300813008131	52.4390243902439	85.8974358974359	14.102564102564102
210	440.0	340.0	55.28455284552846	48.170731707317074	0.0	100.0
211	440.0	340.0	55.28455284552846	48.170731707317074	0.0	100.0
212	440.0	340.0	55.28455284552846	48.170731707317074	0.0	100.0
213	424.0	316.0	56.91056910569105	51.829268292682926	74.68354430379746	25.31645569620253
214	532.0	308.0	45.9349593495935	53.04878048780488	100.0	0.0
215	544.0	316.0	44.71544715447154	51.829268292682926	100.0	0.0
216	544.0	316.0	44.71544715447154	51.829268292682926	100.0	0.0
217	544.0	316.0	44.71544715447154	51.829268292682926	100.0	0.0
218	444.0	364.0	54.87804878048781	44.51219512195122	52.74725274725275	47.25274725274725
219	544.0	316.0	44.71544715447154	51.829268292682926	100.0	0.0
220	496.0	324.0	49.59349593495935	50.609756097560975	90.12345679012346	9.876543209876543
221	444.0	320.0	54.87804878048781	51.21951219512195	68.75	31.25
222	544.0	316.0	44.71544715447154	51.829268292682926	100.0	0.0
223	544.0	316.0	44.71544715447154	51.829268292682926	100.0	0.0
224	440.0	340.0	55.28455284552846	48.170731707317074	0.0	100.0
225	544.0	316.0	44.71544715447154	51.829268292682926	100.0	0.0
226	440.0	340.0	55.28455284552846	48.170731707317074	0.0	100.0
227	544.0	316.0	44.71544715447154	51.829268292682926	100.0	0.0
228	544.0	316.0	44.71544715447154	51.829268292682926	100.0	0.0
229	444.0	340.0	54.87804878048781	48.170731707317074	0.0	100.0
230	540.0	316.0	45.1219512195122	51.829268292682926	100.0	0.0
231	440.0	340.0	55.28455284552846	48.170731707317074	0.0	100.0
232	424.0	360.0	56.91056910569105	45.1219512195122	52.22222222222223	47.77777777777778
233	440.0	340.0	55.28455284552846	48.170731707317074	0.0	100.0
234	544.0	316.0	44.71544715447154	51.829268292682926	100.0	0.0
235	540.0	312.0	45.1219512195122	52.4390243902439	100.0	0.0
236	440.0	340.0	55.28455284552846	48.170731707317074	0.0	100.0
237	440.0	340.0	55.28455284552846	48.170731707317074	0.0	100.0
238	440.0	340.0	55.28455284552846	48.170731707317074	0.0	100.0
239	528.0	300.0	46.34146341463415	54.268292682926834	98.66666666666667	1.3333333333333335
240	540.0	316.0	45.1219512195122	51.829268292682926	100.0	0.0
241	440.0	340.0	55.28455284552846	48.170731707317074	0.0	100.0
242	440.0	340.0	55.28455284552846	48.170731707317074	0.0	100.0
243	544.0	316.0	44.71544715447154	51.829268292682926	100.0	0.0
244	440.0	340.0	55.28455284552846	48.170731707317074	0.0	100.0
245	440.0	340.0	55.28455284552846	48.170731707317074	0.0	100.0
246	544.0	316.0	44.71544715447154	51.829268292682926	100.0	0.0
247	520.0	300.0	47.15447154471545	54.268292682926834	100.0	0.0
248	544.0	316.0	44.71544715447154	51.829268292682926	100.0	0.0
249	440.0	340.0	55.28455284552846	48.170731707317074	0.0	100.0
250	544.0	316.0	44.71544715447154	51.829268292682926	100.0	0.0
251	440.0	340.0	55.28455284552846	48.170731707317074	0.0	100.0
252	440.0	340.0	55.28455284552846	48.170731707317074	0.0	100.0
253	544.0	316.0	44.71544715447154	51.829268292682926	100.0	0.0
254	432.0	336.0	56.09756097560976	48.78048780487805	13.095238095238097	86.90476190476191
255	544.0	316.0	44.71544715447154	51.829268292682926	100.0	0.0
256	440.0	340.0	55.28455284552846	48.170731707317074	0.0	100.0
257	456.0	336.0	53.65853658536586	48.78048780487805	59.523809523809526	40.476190476190474
258	440.0	340.0	55.28455284552846	48.170731707317074	0.0	100.0
259	456.0	340.0	53.65853658536586	48.170731707317074	60.0	40.0
260	516.0	312.0	47.5609756097561	52.4390243902439	94.87179487179486	5.128205128205128
261	532.0	312.0	45.9349593495935	52.4390243902439	100.0	0.0
262	544.0	316.0	44.71544715447154	51.829268292682926	100.0	0.0
263	528.0	300.0	46.34146341463415	54.268292682926834	98.66666666666667	1.3333333333333335
264	544.0	316.0	44.71544715447154	51.829268292682926	100.0	0.0
265	432.0	356.0	56.09756097560976	45.73170731707317	5.617977528089887	94.3820224719101
266	544.0	316.0	44.71544715447154	51.829268292682926	100.0	0.0
267	444.0	364.0	54.87804878048781	44.51219512195122	47.25274725274725	52.74725274725275
268	440.0	340.0	55.28455284552846	48.170731707317074	0.0	100.0
269	540.0	316.0	45.1219512195122	51.829268292682926	100.0	0.0
270	532.0	312.0	45.9349593495935	52.4390243902439	100.0	0.0
271	440.0	340.0	55.28455284552846	48.170731707317074	0.0	100.0
272	544.0	316.0	44.71544715447154	51.829268292682926	100.0	0.0
273	440.0	340.0	55.28455284552846	48.170731707317074	0.0	100.0
274	440.0	344.0	55.28455284552846	47.5609756097561	1.1627906976744187	98.83720930232558
275	448.0	380.0	54.47154471544715	42.073170731707314	41.05263157894737	58.94736842105262
276	440.0	340.0	55.28455284552846	48.170731707317074	0.0	100.0
277	456.0	304.0	53.65853658536586	53.65853658536586	86.8421052631579	13.157894736842104
278	544.0	316.0	44.71544715447154	51.829268292682926	100.0	0.0
279	440.0	340.0	55.28455284552846	48.170731707317074	0.0	100.0
280	428.0	360.0	56.50406504065041	45.1219512195122	48.888888888888886	51.11111111111111
281	540.0	316.0	45.1219512195122	51.829268292682926	100.0	0.0
282	440.0	348.0	55.28455284552846	46.95121951219512	18.39080459770115	81.60919540229885
283	468.0	308.0	52.4390243902439	53.04878048780488	88.31168831168831	11.688311688311687
284	392.0	308.0	60.16260162601627	53.04878048780488	71.42857142857143	28.57142857142857
285	440.0	340.0	55.28455284552846	48.170731707317074	0.0	100.0
286	440.0	340.0	55.28455284552846	48.170731707317074	0.0	100.0
287	408.0	288.0	58.536585365853654	56.09756097560976	81.94444444444444	18.055555555555554
288	516.0	300.0	47.5609756097561	54.268292682926834	100.0	0.0
289	544.0	316.0	44.71544715447154	51.829268292682926	100.0	0.0
290	520.0	304.0	47.15447154471545	53.65853658536586	97.36842105263158	2.631578947368421
291	472.0	368.0	52.03252032520326	43.90243902439025	43.47826086956522	56.52173913043478
292	544.0	316.0	44.71544715447154	51.829268292682926	100.0	0.0
293	432.0	348.0	56.09756097560976	46.95121951219512	3.4482758620689653	96.55172413793103
294	440.0	340.0	55.28455284552846	48.170731707317074	0.0	100.0
295	396.0	304.0	59.756097560975604	53.65853658536586	71.05263157894737	28.947368421052634
296	432.0	340.0	56.09756097560976	48.170731707317074	12.941176470588237	87.05882352941177
297	544.0	316.0	44.71544715447154	51.829268292682926	100.0	0.0
298	532.0	304.0	45.9349593495935	53.65853658536586	97.36842105263158	2.631578947368421
299	440.0	308.0	55.28455284552846	53.04878048780488	84.4155844155844	15.584415584415584
300	452.0	360.0	54.0650406504065	45.1219512195122	22.22222222222222	77.77777777777779
301	504.0	312.0	48.78048780487805	52.4390243902439	92.3076923076923	7.6923076923076925
302	544.0	316.0	44.71544715447154	51.829268292682926	100.0	0.0
303	440.0	340.0	55.28455284552846	48.170731707317074	0.0	100.0
304	460.0	364.0	53.2520325203252	44.51219512195122	31.868131868131865	68.13186813186813
305	424.0	316.0	56.91056910569105	51.829268292682926	67.08860759493672	32.91139240506329
306	440.0	340.0	55.28455284552846	48.170731707317074	0.0	100.0
307	544.0	316.0	44.71544715447154	51.829268292682926	100.0	0.0
308	440.0	340.0	55.28455284552846	48.170731707317074	0.0	100.0
309	544.0	316.0	44.71544715447154	51.829268292682926	100.0	0.0
310	440.0	340.0	55.28455284552846	48.170731707317074	0.0	100.0
311	444.0	344.0	54.87804878048781	47.5609756097561	1.1627906976744187	98.83720930232558
312	544.0	316.0	44.71544715447154	51.829268292682926	100.0	0.0
313	440.0	340.0	55.28455284552846	48.170731707317074	0.0	100.0
314	440.0	340.0	55.28455284552846	48.170731707317074	0.0	100.0
315	540.0	312.0	45.1219512195122	52.4390243902439	100.0	0.0
316	544.0	316.0	44.71544715447154	51.829268292682926	100.0	0.0
317	460.0	360.0	53.2520325203252	45.1219512195122	27.77777777777778	72.22222222222221
318	544.0	316.0	44.71544715447154	51.829268292682926	100.0	0.0
319	440.0	356.0	55.28455284552846	45.73170731707317	50.56179775280899	49.43820224719101
320	544.0	316.0	44.71544715447154	51.829268292682926	100.0	0.0
321	540.0	312.0	45.1219512195122	52.4390243902439	100.0	0.0
322	544.0	316.0	44.71544715447154	51.829268292682926	100.0	0.0
323	544.0	316.0	44.71544715447154	51.829268292682926	100.0	0.0
324	440.0	340.0	55.28455284552846	48.170731707317074	0.0	100.0
325	440.0	340.0	55.28455284552846	48.170731707317074	0.0	100.0
326	460.0	340.0	53.2520325203252	48.170731707317074	25.882352941176475	74.11764705882354
327	440.0	340.0	55.28455284552846	48.170731707317074	0.0	100.0
328	544.0	316.0	44.71544715447154	51.829268292682926	100.0	0.0
329	440.0	340.0	55.28455284552846	48.170731707317074	0.0	100.0
330	444.0	344.0	54.87804878048781	47.5609756097561	1.1627906976744187	98.83720930232558
331	544.0	316.0	44.71544715447154	51.829268292682926	100.0	0.0
332	544.0	316.0	44.71544715447154	51.829268292682926	100.0	0.0
333	372.0	292.0	62.19512195121951	55.487804878048784	75.34246575342466	24.65753424657534
334	452.0	304.0	54.0650406504065	53.65853658536586	90.78947368421053	9.210526315789473
335	460.0	356.0	53.2520325203252	45.73170731707317	22.47191011235955	77.52808988764045
336	440.0	340.0	55.28455284552846	48.170731707317074	0.0	100.0
337	440.0	340.0	55.28455284552846	48.170731707317074	0.0	100.0
338	376.0	296.0	61.78861788617886	54.87804878048781	78.37837837837837	21.62162162162162
339	536.0	312.0	45.52845528455284	52.4390243902439	98.71794871794873	1.282051282051282
340	404.0	308.0	58.94308943089431	53.04878048780488	66.23376623376623	33.76623376623377
341	476.0	296.0	51.6260162601626	54.87804878048781	93.24324324324324	6.756756756756757
342	436.0	348.0	55.6910569105691	46.95121951219512	5.747126436781609	94.25287356321839
343	436.0	356.0	55.6910569105691	45.73170731707317	50.56179775280899	49.43820224719101
344	448.0	340.0	54.47154471544715	48.170731707317074	12.941176470588237	87.05882352941177
345	424.0	344.0	56.91056910569105	47.5609756097561	48.837209302325576	51.162790697674424
346	440.0	340.0	55.28455284552846	48.170731707317074	0.0	100.0
347	444.0	344.0	54.87804878048781	47.5609756097561	1.1627906976744187	98.83720930232558
348	440.0	340.0	55.28455284552846	48.170731707317074	0.0	100.0
349	440.0	340.0	55.28455284552846	48.170731707317074	0.0	100.0
350	544.0	316.0	44.71544715447154	51.829268292682926	100.0	0.0
351	440.0	340.0	55.28455284552846	48.170731707317074	0.0	100.0
352	544.0	316.0	44.71544715447154	51.829268292682926	100.0	0.0
353	488.0	304.0	50.40650406504065	53.65853658536586	94.73684210526315	5.263157894736842
354	544.0	316.0	44.71544715447154	51.829268292682926	100.0	0.0
355	480.0	292.0	51.21951219512195	55.487804878048784	94.52054794520548	5.47945205479452
356	440.0	340.0	55.28455284552846	48.170731707317074	0.0	100.0
357	440.0	340.0	55.28455284552846	48.170731707317074	0.0	100.0
358	516.0	312.0	47.5609756097561	52.4390243902439	96.15384615384616	3.8461538461538463
359	440.0	340.0	55.28455284552846	48.170731707317074	0.0	100.0
360	396.0	316.0	59.756097560975604	51.829268292682926	63.29113924050633	36.708860759493675
361	544.0	316.0	44.71544715447154	51.829268292682926	100.0	0.0
362	432.0	352.0	56.09756097560976	46.34146341463415	3.4090909090909087	96.5909090909091
363	512.0	312.0	47.96747967479675	52.4390243902439	96.15384615384616	3.8461538461538463
364	428.0	344.0	56.50406504065041	47.5609756097561	8.13953488372093	91.86046511627907
365	440.0	340.0	55.28455284552846	48.170731707317074	0.0	100.0
366	532.0	304.0	45.9349593495935	53.65853658536586	100.0	0.0
367	544.0	312.0	44.71544715447154	52.4390243902439	100.0	0.0
368	440.0	340.0	55.28455284552846	48.170731707317074	0.0	100.0
369	440.0	340.0	55.28455284552846	48.170731707317074	0.0	100.0
370	436.0	352.0	55.6910569105691	46.34146341463415	3.4090909090909087	96.5909090909091
371	452.0	352.0	54.0650406504065	46.34146341463415	22.727272727272727	77.27272727272727
372	440.0	340.0	55.28455284552846	48.170731707317074	0.0	100.0
373	440.0	340.0	55.28455284552846	48.170731707317074	0.0	100.0
374	440.0	340.0	55.28455284552846	48.170731707317074	0.0	100.0
375	436.0	356.0	55.6910569105691	45.73170731707317	5.617977528089887	94.3820224719101
376	548.0	316.0	44.3089430894309	51.829268292682926	100.0	0.0
377	368.0	288.0	62.601626016260155	56.09756097560976	76.38888888888889	23.61111111111111
378	440.0	340.0	55.28455284552846	48.170731707317074	0.0	100.0
379	532.0	308.0	45.9349593495935	53.04878048780488	100.0	0.0
380	444.0	344.0	54.87804878048781	47.5609756097561	1.1627906976744187	98.83720930232558
381	372.0	304.0	62.19512195121951	53.65853658536586	73.68421052631578	26.31578947368421
382	544.0	316.0	44.71544715447154	51.829268292682926	100.0	0.0
383	544.0	316.0	44.71544715447154	51.829268292682926	100.0	0.0
384	440.0	332.0	55.28455284552846	49.390243902439025	31.32530120481928	68.67469879518072
385	440.0	340.0	55.28455284552846	48.170731707317074	0.0	100.0
386	444.0	356.0	54.87804878048781	45.73170731707317	4.49438202247191	95.50561797752809
387	544.0	316.0	44.71544715447154	51.829268292682926	100.0	0.0
388	456.0	352.0	53.65853658536586	46.34146341463415	37.5	62.5
389	464.0	352.0	52.84552845528455	46.34146341463415	44.31818181818182	55.68181818181818
390	440.0	340.0	55.28455284552846	48.170731707317074	0.0	100.0
391	440.0	340.0	55.28455284552846	48.170731707317074	0.0	100.0
392	356.0	272.0	63.82113821138211	58.536585365853654	79.41176470588235	20.588235294117645
393	468.0	336.0	52.4390243902439	48.78048780487805	26.190476190476193	73.80952380952381
394	544.0	316.0	44.71544715447154	51.829268292682926	100.0	0.0
395	428.0	360.0	56.50406504065041	45.1219512195122	44.44444444444444	55.55555555555556
396	440.0	340.0	55.28455284552846	48.170731707317074	0.0	100.0
397	440.0	340.0	55.28455284552846	48.170731707317074	0.0	100.0
398	460.0	296.0	53.2520325203252	54.87804878048781	93.24324324324324	6.756756756756757
399	468.0	296.0	52.4390243902439	54.87804878048781	94.5945945945946	5.405405405405405
400	380.0	320.0	61.382113821138205	51.21951219512195	61.25000000000001	38.75
401	536.0	316.0	45.52845528455284	51.829268292682926	98.73417721518987	1.2658227848101267
402	440.0	340.0	55.28455284552846	48.170731707317074	0.0	100.0
403	352.0	280.0	64.22764227642277	57.3170731707317	84.28571428571429	15.714285714285714
404	544.0	316.0	44.71544715447154	51.829268292682926	100.0	0.0
405	448.0	336.0	54.47154471544715	48.78048780487805	20.238095238095237	79.76190476190477
406	440.0	340.0	55.28455284552846	48.170731707317074	0.0	100.0
407	440.0	340.0	55.28455284552846	48.170731707317074	0.0	100.0
408	544.0	316.0	44.71544715447154	51.829268292682926	100.0	0.0
409	448.0	348.0	54.47154471544715	46.95121951219512	2.2988505747126435	97.70114942528735
410	440.0	340.0	55.28455284552846	48.170731707317074	0.0	100.0
411	544.0	316.0	44.71544715447154	51.829268292682926	100.0	0.0
412	396.0	312.0	59.756097560975604	52.4390243902439	65.38461538461539	34.61538461538461
413	440.0	352.0	55.28455284552846	46.34146341463415	3.4090909090909087	96.5909090909091
414	544.0	316.0	44.71544715447154	51.829268292682926	100.0	0.0
415	484.0	300.0	50.81300813008131	54.268292682926834	97.33333333333334	2.666666666666667
416	440.0	360.0	55.28455284552846	45.1219512195122	5.555555555555555	94.44444444444444
417	512.0	308.0	47.96747967479675	53.04878048780488	97.40259740259741	2.5974025974025974
418	384.0	308.0	60.97560975609756	53.04878048780488	66.23376623376623	33.76623376623377
419	428.0	356.0	56.50406504065041	45.73170731707317	6.741573033707865	93.25842696629213
420	440.0	340.0	55.28455284552846	48.170731707317074	0.0	100.0
421	544.0	316.0	44.71544715447154	51.829268292682926	100.0	0.0
422	440.0	340.0	55.28455284552846	48.170731707317074	0.0	100.0
423	400.0	284.0	59.34959349593496	56.70731707317073	88.73239436619718	11.267605633802818
424	448.0	352.0	54.47154471544715	46.34146341463415	45.45454545454545	54.54545454545454
425	544.0	320.0	44.71544715447154	51.21951219512195	98.75	1.25
426	372.0	272.0	62.19512195121951	58.536585365853654	86.76470588235294	13.23529411764706
427	376.0	300.0	61.78861788617886	54.268292682926834	65.33333333333333	34.66666666666667
428	440.0	340.0	55.28455284552846	48.170731707317074	0.0	100.0
429	440.0	340.0	55.28455284552846	48.170731707317074	0.0	100.0
430	428.0	352.0	56.50406504065041	46.34146341463415	4.545454545454546	95.45454545454545
431	408.0	332.0	58.536585365853654	49.390243902439025	53.01204819277109	46.98795180722892
432	412.0	332.0	58.13008130081301	49.390243902439025	54.21686746987952	45.78313253012048
433	416.0	332.0	57.72357723577236	49.390243902439025	53.01204819277109	46.98795180722892
434	544.0	316.0	44.71544715447154	51.829268292682926	100.0	0.0
435	504.0	308.0	48.78048780487805	53.04878048780488	96.1038961038961	3.896103896103896
436	444.0	296.0	54.87804878048781	54.87804878048781	93.24324324324324	6.756756756756757
437	424.0	356.0	56.91056910569105	45.73170731707317	7.865168539325842	92.13483146067416
438	460.0	348.0	53.2520325203252	46.95121951219512	12.643678160919542	87.35632183908046
439	444.0	352.0	54.87804878048781	46.34146341463415	9.090909090909092	90.9090909090909
440	468.0	348.0	52.4390243902439	46.95121951219512	17.24137931034483	82.75862068965517
441	440.0	340.0	55.28455284552846	48.170731707317074	0.0	100.0
442	416.0	352.0	57.72357723577236	46.34146341463415	47.72727272727273	52.27272727272727
443	524.0	316.0	46.7479674796748	51.829268292682926	98.73417721518987	1.2658227848101267
444	440.0	340.0	55.28455284552846	48.170731707317074	0.0	100.0
445	440.0	340.0	55.28455284552846	48.170731707317074	0.0	100.0
446	484.0	304.0	50.81300813008131	53.65853658536586	96.05263157894737	3.9473684210526314
447	416.0	320.0	57.72357723577236	51.21951219512195	52.5	47.5
448	440.0	340.0	55.28455284552846	48.170731707317074	0.0	100.0
449	536.0	316.0	45.52845528455284	51.829268292682926	100.0	0.0
450	440.0	340.0	55.28455284552846	48.170731707317074	0.0	100.0
451	456.0	344.0	53.65853658536586	47.5609756097561	32.55813953488372	67.44186046511628
452	424.0	340.0	56.91056910569105	48.170731707317074	2.3529411764705883	97.6470588235294
453	364.0	292.0	63.00813008130082	55.487804878048784	84.93150684931507	15.068493150684931
454	420.0	328.0	57.3170731707317	50.0	53.65853658536586	46.34146341463415
455	388.0	316.0	60.56910569105691	51.829268292682926	63.29113924050633	36.708860759493675
456	524.0	308.0	46.7479674796748	53.04878048780488	98.7012987012987	1.2987012987012987
457	460.0	296.0	53.2520325203252	54.87804878048781	93.24324324324324	6.756756756756757
458	412.0	336.0	58.13008130081301	48.78048780487805	53.57142857142857	46.42857142857143
459	440.0	332.0	55.28455284552846	49.390243902439025	36.144578313253014	63.85542168674698
460	544.0	316.0	44.71544715447154	51.829268292682926	100.0	0.0
461	544.0	316.0	44.71544715447154	51.829268292682926	100.0	0.0
462	440.0	340.0	55.28455284552846	48.170731707317074	0.0	100.0
463	372.0	300.0	62.19512195121951	54.268292682926834	64.0	36.0
464	548.0	316.0	44.3089430894309	51.829268292682926	100.0	0.0
465	440.0	340.0	55.28455284552846	48.170731707317074	0.0	100.0
466	440.0	340.0	55.28455284552846	48.170731707317074	0.0	100.0
467	452.0	340.0	54.0650406504065	48.170731707317074	10.588235294117647	89.41176470588236
468	440.0	332.0	55.28455284552846	49.390243902439025	45.78313253012048	54.21686746987952
469	520.0	300.0	47.15447154471545	54.268292682926834	97.33333333333334	2.666666666666667
470	440.0	340.0	55.28455284552846	48.170731707317074	0.0	100.0
471	388.0	268.0	60.56910569105691	59.14634146341463	92.53731343283582	7.462686567164178
472	544.0	316.0	44.71544715447154	51.829268292682926	100.0	0.0
473	440.0	340.0	55.28455284552846	48.170731707317074	0.0	100.0
474	440.0	340.0	55.28455284552846	48.170731707317074	0.0	100.0
475	544.0	316.0	44.71544715447154	51.829268292682926	100.0	0.0
476	440.0	340.0	55.28455284552846	48.170731707317074	0.0	100.0
477	532.0	316.0	45.9349593495935	51.829268292682926	100.0	0.0
478	440.0	340.0	55.28455284552846	48.170731707317074	0.0	100.0
479	440.0	340.0	55.28455284552846	48.170731707317074	0.0	100.0
480	468.0	308.0	52.4390243902439	53.04878048780488	94.8051948051948	5.194805194805195
481	508.0	304.0	48.3739837398374	53.65853658536586	97.36842105263158	2.631578947368421
482	468.0	304.0	52.4390243902439	53.65853658536586	94.73684210526315	5.263157894736842
483	464.0	336.0	52.84552845528455	48.78048780487805	19.047619047619047	80.95238095238095
484	440.0	340.0	55.28455284552846	48.170731707317074	0.0	100.0
485	372.0	284.0	62.19512195121951	56.70731707317073	85.91549295774648	14.084507042253522
486	460.0	332.0	53.2520325203252	49.390243902439025	15.66265060240964	84.33734939759037
487	544.0	316.0	44.71544715447154	51.829268292682926	100.0	0.0
488	528.0	316.0	46.34146341463415	51.829268292682926	100.0	0.0
489	544.0	316.0	44.71544715447154	51.829268292682926	100.0	0.0
490	368.0	316.0	62.601626016260155	51.829268292682926	68.35443037974683	31.645569620253166
491	400.0	280.0	59.34959349593496	57.3170731707317	92.85714285714286	7.142857142857142
492	472.0	304.0	52.03252032520326	53.65853658536586	96.05263157894737	3.9473684210526314
493	440.0	340.0	55.28455284552846	48.170731707317074	0.0	100.0
494	368.0	300.0	62.601626016260155	54.268292682926834	72.0	28.000000000000004
495	428.0	328.0	56.50406504065041	50.0	45.1219512195122	54.87804878048781
496	532.0	316.0	45.9349593495935	51.829268292682926	98.73417721518987	1.2658227848101267
497	516.0	308.0	47.5609756097561	53.04878048780488	97.40259740259741	2.5974025974025974
498	396.0	280.0	59.756097560975604	57.3170731707317	90.0	10.0
499	440.0	340.0	55.28455284552846	48.170731707317074	0.0	100.0
