0	460.0	320.0	53.2520325203252	51.21951219512195	0.0	100.0
1	540.0	324.0	45.1219512195122	50.609756097560975	37.03703703703704	62.96296296296296
2	484.0	256.0	50.81300813008131	60.97560975609756	59.375	40.625
3	468.0	272.0	52.4390243902439	58.536585365853654	63.23529411764706	36.76470588235294
4	472.0	268.0	52.03252032520326	59.14634146341463	61.19402985074627	38.80597014925373
5	520.0	292.0	47.15447154471545	55.487804878048784	50.68493150684932	49.31506849315068
6	492.0	284.0	50.0	56.70731707317073	16.901408450704224	83.09859154929578
7	456.0	280.0	53.65853658536586	57.3170731707317	81.42857142857143	18.571428571428573
8	472.0	304.0	52.03252032520326	53.65853658536586	93.42105263157895	6.578947368421052
9	456.0	296.0	53.65853658536586	54.87804878048781	0.0	100.0
10	476.0	316.0	51.6260162601626	51.829268292682926	86.07594936708861	13.924050632911392
11	460.0	272.0	53.2520325203252	58.536585365853654	35.294117647058826	64.70588235294117
12	508.0	328.0	48.3739837398374	50.0	95.1219512195122	4.878048780487805
13	436.0	260.0	55.6910569105691	60.36585365853659	30.76923076923077	69.23076923076923
14	436.0	244.0	55.6910569105691	62.80487804878049	13.114754098360656	86.88524590163934
15	444.0	300.0	54.87804878048781	54.268292682926834	1.3333333333333335	98.66666666666667
16	440.0	272.0	55.28455284552846	58.536585365853654	1.4705882352941175	98.52941176470588
17	420.0	312.0	57.3170731707317	52.4390243902439	67.94871794871796	32.05128205128205
18	420.0	296.0	57.3170731707317	54.87804878048781	58.108108108108105	41.891891891891895
19	460.0	320.0	53.2520325203252	51.21951219512195	0.0	100.0
20	452.0	312.0	54.0650406504065	52.4390243902439	0.0	100.0
21	528.0	336.0	46.34146341463415	48.78048780487805	96.42857142857143	3.571428571428571
22	412.0	236.0	58.13008130081301	64.02439024390245	27.11864406779661	72.88135593220339
23	464.0	320.0	52.84552845528455	51.21951219512195	83.75	16.25
24	452.0	296.0	54.0650406504065	54.87804878048781	0.0	100.0
25	404.0	240.0	58.94308943089431	63.41463414634146	31.666666666666664	68.33333333333333
26	400.0	240.0	59.34959349593496	63.41463414634146	23.333333333333332	76.66666666666667
27	448.0	312.0	54.47154471544715	52.4390243902439	79.48717948717949	20.51282051282051
28	452.0	312.0	54.0650406504065	52.4390243902439	79.48717948717949	20.51282051282051
29	452.0	312.0	54.0650406504065	52.4390243902439	0.0	100.0
30	440.0	308.0	55.28455284552846	53.04878048780488	79.22077922077922	20.77922077922078
31	424.0	248.0	56.91056910569105	62.19512195121951	3.225806451612903	96.7741935483871
32	428.0	252.0	56.50406504065041	61.58536585365854	3.1746031746031744	96.82539682539682
33	532.0	336.0	45.9349593495935	48.78048780487805	97.61904761904762	2.380952380952381
34	408.0	236.0	58.536585365853654	64.02439024390245	13.559322033898304	86.4406779661017
35	456.0	324.0	53.65853658536586	50.609756097560975	79.01234567901234	20.98765432098765
36	400.0	236.0	59.34959349593496	64.02439024390245	13.559322033898304	86.4406779661017
37	460.0	320.0	53.2520325203252	51.21951219512195	0.0	100.0
38	480.0	336.0	51.21951219512195	48.78048780487805	84.52380952380952	15.476190476190476
39	472.0	332.0	52.03252032520326	49.390243902439025	84.33734939759037	15.66265060240964
40	460.0	300.0	53.2520325203252	54.268292682926834	0.0	100.0
41	384.0	244.0	60.97560975609756	62.80487804878049	54.09836065573771	45.90163934426229
42	356.0	216.0	63.82113821138211	67.07317073170732	40.74074074074074	59.25925925925925
43	396.0	260.0	59.756097560975604	60.36585365853659	60.0	40.0
44	456.0	320.0	53.65853658536586	51.21951219512195	0.0	100.0
45	452.0	312.0	54.0650406504065	52.4390243902439	0.0	100.0
46	332.0	224.0	66.26016260162602	65.85365853658537	30.357142857142854	69.64285714285714
47	436.0	280.0	55.6910569105691	57.3170731707317	1.4285714285714286	98.57142857142858
48	528.0	344.0	46.34146341463415	47.5609756097561	95.34883720930233	4.651162790697675
49	452.0	300.0	54.0650406504065	54.268292682926834	0.0	100.0
50	340.0	224.0	65.4471544715447	65.85365853658537	25.0	75.0
51	496.0	336.0	49.59349593495935	48.78048780487805	86.90476190476191	13.095238095238097
52	460.0	320.0	53.2520325203252	51.21951219512195	0.0	100.0
53	536.0	336.0	45.52845528455284	48.78048780487805	97.61904761904762	2.380952380952381
54	432.0	292.0	56.09756097560976	55.487804878048784	75.34246575342466	24.65753424657534
55	440.0	292.0	55.28455284552846	55.487804878048784	75.34246575342466	24.65753424657534
56	368.0	236.0	62.601626016260155	64.02439024390245	23.728813559322035	76.27118644067797
57	524.0	352.0	46.7479674796748	46.34146341463415	89.77272727272727	10.227272727272728
58	452.0	316.0	54.0650406504065	51.829268292682926	0.0	100.0
59	392.0	228.0	60.16260162601627	65.2439024390244	15.789473684210526	84.21052631578947
60	444.0	296.0	54.87804878048781	54.87804878048781	0.0	100.0
61	356.0	220.0	63.82113821138211	66.46341463414635	52.72727272727272	47.27272727272727
62	416.0	244.0	57.72357723577236	62.80487804878049	4.918032786885246	95.08196721311475
63	456.0	320.0	53.65853658536586	51.21951219512195	0.0	100.0
64	524.0	352.0	46.7479674796748	46.34146341463415	93.18181818181817	6.8181818181818175
65	312.0	220.0	68.29268292682927	66.46341463414635	32.72727272727273	67.27272727272727
66	528.0	340.0	46.34146341463415	48.170731707317074	96.47058823529412	3.5294117647058822
67	452.0	312.0	54.0650406504065	52.4390243902439	82.05128205128204	17.94871794871795
68	536.0	340.0	45.52845528455284	48.170731707317074	96.47058823529412	3.5294117647058822
69	344.0	236.0	65.04065040650406	64.02439024390245	28.8135593220339	71.1864406779661
70	412.0	256.0	58.13008130081301	60.97560975609756	4.6875	95.3125
71	516.0	332.0	47.5609756097561	49.390243902439025	89.1566265060241	10.843373493975903
72	432.0	280.0	56.09756097560976	57.3170731707317	0.0	100.0
73	528.0	340.0	46.34146341463415	48.170731707317074	96.47058823529412	3.5294117647058822
74	336.0	224.0	65.85365853658537	65.85365853658537	55.35714285714286	44.642857142857146
75	456.0	320.0	53.65853658536586	51.21951219512195	0.0	100.0
76	436.0	284.0	55.6910569105691	56.70731707317073	76.05633802816901	23.943661971830984
77	460.0	320.0	53.2520325203252	51.21951219512195	0.0	100.0
78	508.0	332.0	48.3739837398374	49.390243902439025	89.1566265060241	10.843373493975903
79	456.0	320.0	53.65853658536586	51.21951219512195	0.0	100.0
80	460.0	320.0	53.2520325203252	51.21951219512195	0.0	100.0
81	440.0	296.0	55.28455284552846	54.87804878048781	79.72972972972973	20.27027027027027
82	440.0	296.0	55.28455284552846	54.87804878048781	0.0	100.0
83	324.0	232.0	67.07317073170732	64.63414634146342	34.48275862068966	65.51724137931035
84	524.0	336.0	46.7479674796748	48.78048780487805	100.0	0.0
85	352.0	240.0	64.22764227642277	63.41463414634146	23.333333333333332	76.66666666666667
86	324.0	216.0	67.07317073170732	67.07317073170732	50.0	50.0
87	372.0	232.0	62.19512195121951	64.63414634146342	67.24137931034483	32.758620689655174
88	320.0	236.0	67.47967479674797	64.02439024390245	27.11864406779661	72.88135593220339
89	512.0	336.0	47.96747967479675	48.78048780487805	90.47619047619048	9.523809523809524
90	456.0	320.0	53.65853658536586	51.21951219512195	0.0	100.0
91	492.0	324.0	50.0	50.609756097560975	88.88888888888889	11.11111111111111
92	452.0	316.0	54.0650406504065	51.829268292682926	0.0	100.0
93	320.0	212.0	67.47967479674797	67.6829268292683	47.16981132075472	52.83018867924528
94	344.0	232.0	65.04065040650406	64.63414634146342	25.862068965517242	74.13793103448276
95	452.0	316.0	54.0650406504065	51.829268292682926	0.0	100.0
96	532.0	344.0	45.9349593495935	47.5609756097561	97.67441860465115	2.3255813953488373
97	300.0	216.0	69.51219512195121	67.07317073170732	40.74074074074074	59.25925925925925
98	460.0	320.0	53.2520325203252	51.21951219512195	0.0	100.0
99	296.0	220.0	69.91869918699187	66.46341463414635	36.36363636363637	63.63636363636363
100	460.0	324.0	53.2520325203252	50.609756097560975	86.41975308641975	13.580246913580247
101	312.0	224.0	68.29268292682927	65.85365853658537	30.357142857142854	69.64285714285714
102	396.0	236.0	59.756097560975604	64.02439024390245	71.1864406779661	28.8135593220339
103	460.0	320.0	53.2520325203252	51.21951219512195	0.0	100.0
104	312.0	216.0	68.29268292682927	67.07317073170732	46.2962962962963	53.70370370370371
105	460.0	320.0	53.2520325203252	51.21951219512195	0.0	100.0
106	516.0	332.0	47.5609756097561	49.390243902439025	90.36144578313254	9.63855421686747
107	528.0	340.0	46.34146341463415	48.170731707317074	98.82352941176471	1.1764705882352942
108	460.0	320.0	53.2520325203252	51.21951219512195	0.0	100.0
109	328.0	200.0	66.66666666666666	69.51219512195121	56.00000000000001	44.0
110	324.0	200.0	67.07317073170732	69.51219512195121	56.00000000000001	44.0
111	292.0	212.0	70.32520325203252	67.6829268292683	43.39622641509434	56.60377358490566
112	460.0	320.0	53.2520325203252	51.21951219512195	0.0	100.0
113	448.0	308.0	54.47154471544715	53.04878048780488	0.0	100.0
114	408.0	276.0	58.536585365853654	57.92682926829268	82.6086956521739	17.391304347826086
115	296.0	216.0	69.91869918699187	67.07317073170732	44.44444444444444	55.55555555555556
116	528.0	336.0	46.34146341463415	48.78048780487805	92.85714285714286	7.142857142857142
117	340.0	224.0	65.4471544715447	65.85365853658537	12.5	87.5
118	288.0	224.0	70.73170731707317	65.85365853658537	21.428571428571427	78.57142857142857
119	348.0	228.0	64.63414634146342	65.2439024390244	68.42105263157895	31.57894736842105
120	288.0	212.0	70.73170731707317	67.6829268292683	45.28301886792453	54.71698113207547
121	460.0	320.0	53.2520325203252	51.21951219512195	0.0	100.0
122	376.0	252.0	61.78861788617886	61.58536585365854	1.5873015873015872	98.4126984126984
123	460.0	320.0	53.2520325203252	51.21951219512195	0.0	100.0
124	456.0	320.0	53.65853658536586	51.21951219512195	0.0	100.0
125	312.0	212.0	68.29268292682927	67.6829268292683	20.754716981132077	79.24528301886792
126	304.0	212.0	69.10569105691057	67.6829268292683	49.056603773584904	50.943396226415096
127	304.0	216.0	69.10569105691057	67.07317073170732	29.629629629629626	70.37037037037037
128	380.0	240.0	61.382113821138205	63.41463414634146	75.0	25.0
129	436.0	288.0	55.6910569105691	56.09756097560976	0.0	100.0
130	524.0	336.0	46.7479674796748	48.78048780487805	90.47619047619048	9.523809523809524
131	432.0	284.0	56.09756097560976	56.70731707317073	83.09859154929578	16.901408450704224
132	316.0	216.0	67.88617886178862	67.07317073170732	25.925925925925924	74.07407407407408
133	460.0	320.0	53.2520325203252	51.21951219512195	0.0	100.0
134	424.0	268.0	56.91056910569105	59.14634146341463	80.59701492537313	19.402985074626866
135	520.0	324.0	47.15447154471545	50.609756097560975	90.12345679012346	9.876543209876543
136	408.0	272.0	58.536585365853654	58.536585365853654	0.0	100.0
137	456.0	320.0	53.65853658536586	51.21951219512195	0.0	100.0
138	452.0	320.0	54.0650406504065	51.21951219512195	0.0	100.0
139	528.0	340.0	46.34146341463415	48.170731707317074	96.47058823529412	3.5294117647058822
140	460.0	320.0	53.2520325203252	51.21951219512195	0.0	100.0
141	308.0	212.0	68.69918699186992	67.6829268292683	28.30188679245283	71.69811320754717
142	320.0	196.0	67.47967479674797	70.1219512195122	59.183673469387756	40.816326530612244
143	508.0	328.0	48.3739837398374	50.0	89.02439024390245	10.975609756097562
144	460.0	320.0	53.2520325203252	51.21951219512195	0.0	100.0
145	312.0	220.0	68.29268292682927	66.46341463414635	9.090909090909092	90.9090909090909
146	308.0	192.0	68.69918699186992	70.73170731707317	58.333333333333336	41.66666666666667
147	292.0	208.0	70.32520325203252	68.29268292682927	40.38461538461539	59.61538461538461
148	432.0	288.0	56.09756097560976	56.09756097560976	0.0	100.0
149	332.0	196.0	66.26016260162602	70.1219512195122	67.3469387755102	32.6530612244898
150	280.0	208.0	71.54471544715447	68.29268292682927	34.61538461538461	65.38461538461539
151	460.0	320.0	53.2520325203252	51.21951219512195	0.0	100.0
152	284.0	208.0	71.13821138211382	68.29268292682927	23.076923076923077	76.92307692307693
153	460.0	320.0	53.2520325203252	51.21951219512195	0.0	100.0
154	460.0	320.0	53.2520325203252	51.21951219512195	0.0	100.0
155	524.0	336.0	46.7479674796748	48.78048780487805	100.0	0.0
156	424.0	280.0	56.91056910569105	57.3170731707317	0.0	100.0
157	464.0	312.0	52.84552845528455	52.4390243902439	88.46153846153845	11.538461538461538
158	428.0	284.0	56.50406504065041	56.70731707317073	0.0	100.0
159	404.0	276.0	58.94308943089431	57.92682926829268	0.0	100.0
160	456.0	320.0	53.65853658536586	51.21951219512195	0.0	100.0
161	380.0	256.0	61.382113821138205	60.97560975609756	0.0	100.0
162	528.0	336.0	46.34146341463415	48.78048780487805	97.61904761904762	2.380952380952381
163	460.0	320.0	53.2520325203252	51.21951219512195	0.0	100.0
164	480.0	316.0	51.21951219512195	51.829268292682926	88.60759493670885	11.39240506329114
165	496.0	328.0	49.59349593495935	50.0	90.2439024390244	9.75609756097561
166	460.0	320.0	53.2520325203252	51.21951219512195	0.0	100.0
167	460.0	320.0	53.2520325203252	51.21951219512195	0.0	100.0
168	336.0	212.0	65.85365853658537	67.6829268292683	71.69811320754717	28.30188679245283
169	512.0	328.0	47.96747967479675	50.0	90.2439024390244	9.75609756097561
170	340.0	244.0	65.4471544715447	62.80487804878049	0.0	100.0
171	280.0	204.0	71.54471544715447	68.90243902439023	17.647058823529413	82.35294117647058
172	340.0	244.0	65.4471544715447	62.80487804878049	0.0	100.0
173	280.0	200.0	71.54471544715447	69.51219512195121	10.0	90.0
174	452.0	312.0	54.0650406504065	52.4390243902439	0.0	100.0
175	520.0	332.0	47.15447154471545	49.390243902439025	90.36144578313254	9.63855421686747
176	460.0	320.0	53.2520325203252	51.21951219512195	0.0	100.0
177	304.0	200.0	69.10569105691057	69.51219512195121	56.00000000000001	44.0
178	452.0	292.0	54.0650406504065	55.487804878048784	86.3013698630137	13.698630136986301
179	440.0	296.0	55.28455284552846	54.87804878048781	86.48648648648648	13.513513513513514
180	452.0	316.0	54.0650406504065	51.829268292682926	0.0	100.0
181	332.0	240.0	66.26016260162602	63.41463414634146	0.0	100.0
182	528.0	344.0	46.34146341463415	47.5609756097561	97.67441860465115	2.3255813953488373
183	496.0	324.0	49.59349593495935	50.609756097560975	90.12345679012346	9.876543209876543
184	460.0	320.0	53.2520325203252	51.21951219512195	0.0	100.0
185	460.0	320.0	53.2520325203252	51.21951219512195	0.0	100.0
186	300.0	228.0	69.51219512195121	65.2439024390244	3.508771929824561	96.49122807017544
187	284.0	188.0	71.13821138211382	71.34146341463415	46.808510638297875	53.191489361702125
188	300.0	184.0	69.51219512195121	71.95121951219512	52.17391304347826	47.82608695652174
189	252.0	204.0	74.39024390243902	68.90243902439023	13.725490196078432	86.27450980392157
190	448.0	300.0	54.47154471544715	54.268292682926834	0.0	100.0
191	308.0	188.0	68.69918699186992	71.34146341463415	65.95744680851064	34.04255319148936
192	460.0	320.0	53.2520325203252	51.21951219512195	0.0	100.0
193	536.0	328.0	45.52845528455284	50.0	92.6829268292683	7.317073170731707
194	364.0	232.0	63.00813008130082	64.63414634146342	75.86206896551724	24.137931034482758
195	292.0	184.0	70.32520325203252	71.95121951219512	56.52173913043478	43.47826086956522
196	456.0	320.0	53.65853658536586	51.21951219512195	0.0	100.0
197	252.0	196.0	74.39024390243902	70.1219512195122	20.408163265306122	79.59183673469387
198	304.0	244.0	69.10569105691057	62.80487804878049	1.639344262295082	98.36065573770492
199	480.0	320.0	51.21951219512195	51.21951219512195	88.75	11.25
200	300.0	184.0	69.51219512195121	71.95121951219512	63.04347826086957	36.95652173913043
201	392.0	248.0	60.16260162601627	62.19512195121951	80.64516129032258	19.35483870967742
202	452.0	312.0	54.0650406504065	52.4390243902439	0.0	100.0
203	248.0	196.0	74.79674796747967	70.1219512195122	20.408163265306122	79.59183673469387
204	488.0	324.0	50.40650406504065	50.609756097560975	88.88888888888889	11.11111111111111
205	420.0	272.0	57.3170731707317	58.536585365853654	85.29411764705883	14.705882352941178
206	420.0	272.0	57.3170731707317	58.536585365853654	85.29411764705883	14.705882352941178
207	324.0	204.0	67.07317073170732	68.90243902439023	72.54901960784314	27.450980392156865
208	448.0	280.0	54.47154471544715	57.3170731707317	84.28571428571429	15.714285714285714
209	404.0	272.0	58.94308943089431	58.536585365853654	0.0	100.0
210	440.0	276.0	55.28455284552846	57.92682926829268	84.05797101449275	15.942028985507244
211	400.0	272.0	59.34959349593496	58.536585365853654	0.0	100.0
212	308.0	180.0	68.69918699186992	72.5609756097561	60.0	40.0
213	460.0	320.0	53.2520325203252	51.21951219512195	0.0	100.0
214	460.0	320.0	53.2520325203252	51.21951219512195	0.0	100.0
215	460.0	320.0	53.2520325203252	51.21951219512195	0.0	100.0
216	236.0	196.0	76.01626016260163	70.1219512195122	22.448979591836736	77.55102040816327
217	312.0	200.0	68.29268292682927	69.51219512195121	68.0	32.0
218	312.0	200.0	68.29268292682927	69.51219512195121	68.0	32.0
219	528.0	344.0	46.34146341463415	47.5609756097561	96.51162790697676	3.488372093023256
220	456.0	320.0	53.65853658536586	51.21951219512195	0.0	100.0
221	524.0	344.0	46.7479674796748	47.5609756097561	95.34883720930233	4.651162790697675
222	288.0	188.0	70.73170731707317	71.34146341463415	63.829787234042556	36.17021276595745
223	288.0	224.0	70.73170731707317	65.85365853658537	1.7857142857142856	98.21428571428571
224	528.0	340.0	46.34146341463415	48.170731707317074	98.82352941176471	1.1764705882352942
225	524.0	336.0	46.7479674796748	48.78048780487805	100.0	0.0
226	224.0	192.0	77.23577235772358	70.73170731707317	20.833333333333336	79.16666666666666
227	252.0	208.0	74.39024390243902	68.29268292682927	9.615384615384617	90.38461538461539
228	528.0	336.0	46.34146341463415	48.78048780487805	100.0	0.0
229	452.0	312.0	54.0650406504065	52.4390243902439	0.0	100.0
230	228.0	192.0	76.82926829268293	70.73170731707317	20.833333333333336	79.16666666666666
231	280.0	184.0	71.54471544715447	71.95121951219512	47.82608695652174	52.17391304347826
232	280.0	172.0	71.54471544715447	73.78048780487805	41.86046511627907	58.139534883720934
233	500.0	316.0	49.1869918699187	51.829268292682926	92.40506329113924	7.59493670886076
234	460.0	320.0	53.2520325203252	51.21951219512195	0.0	100.0
235	424.0	276.0	56.91056910569105	57.92682926829268	0.0	100.0
236	324.0	212.0	67.07317073170732	67.6829268292683	69.81132075471697	30.18867924528302
237	300.0	232.0	69.51219512195121	64.63414634146342	1.7241379310344827	98.27586206896551
238	216.0	192.0	78.04878048780488	70.73170731707317	20.833333333333336	79.16666666666666
239	452.0	312.0	54.0650406504065	52.4390243902439	0.0	100.0
240	460.0	320.0	53.2520325203252	51.21951219512195	0.0	100.0
241	524.0	336.0	46.7479674796748	48.78048780487805	100.0	0.0
242	332.0	208.0	66.26016260162602	68.29268292682927	75.0	25.0
243	460.0	320.0	53.2520325203252	51.21951219512195	0.0	100.0
244	284.0	224.0	71.13821138211382	65.85365853658537	3.571428571428571	96.42857142857143
245	460.0	320.0	53.2520325203252	51.21951219512195	0.0	100.0
246	276.0	160.0	71.95121951219512	75.60975609756098	55.00000000000001	45.0
247	288.0	184.0	70.73170731707317	71.95121951219512	65.21739130434783	34.78260869565217
248	264.0	176.0	73.17073170731707	73.17073170731707	43.18181818181818	56.81818181818182
249	424.0	296.0	56.91056910569105	54.87804878048781	87.83783783783784	12.162162162162163
250	356.0	228.0	63.82113821138211	65.2439024390244	77.19298245614034	22.807017543859647
251	428.0	264.0	56.50406504065041	59.756097560975604	86.36363636363636	13.636363636363635
252	524.0	316.0	46.7479674796748	51.829268292682926	92.40506329113924	7.59493670886076
253	460.0	320.0	53.2520325203252	51.21951219512195	0.0	100.0
254	256.0	184.0	73.98373983739837	71.95121951219512	45.65217391304348	54.347826086956516
255	264.0	180.0	73.17073170731707	72.5609756097561	42.22222222222222	57.77777777777777
256	368.0	228.0	62.601626016260155	65.2439024390244	78.94736842105263	21.052631578947366
257	208.0	168.0	78.86178861788618	74.39024390243902	21.428571428571427	78.57142857142857
258	216.0	184.0	78.04878048780488	71.95121951219512	21.73913043478261	78.26086956521739
259	460.0	320.0	53.2520325203252	51.21951219512195	0.0	100.0
260	212.0	176.0	78.45528455284553	73.17073170731707	22.727272727272727	77.27272727272727
261	460.0	320.0	53.2520325203252	51.21951219512195	0.0	100.0
262	524.0	336.0	46.7479674796748	48.78048780487805	100.0	0.0
263	276.0	180.0	71.95121951219512	72.5609756097561	64.44444444444444	35.55555555555556
264	200.0	196.0	79.67479674796748	70.1219512195122	10.204081632653061	89.79591836734694
265	372.0	224.0	62.19512195121951	65.85365853658537	78.57142857142857	21.428571428571427
266	340.0	252.0	65.4471544715447	61.58536585365854	0.0	100.0
267	328.0	244.0	66.66666666666666	62.80487804878049	0.0	100.0
268	440.0	300.0	55.28455284552846	54.268292682926834	0.0	100.0
269	456.0	320.0	53.65853658536586	51.21951219512195	0.0	100.0
270	456.0	320.0	53.65853658536586	51.21951219512195	0.0	100.0
271	460.0	320.0	53.2520325203252	51.21951219512195	0.0	100.0
272	360.0	224.0	63.41463414634146	65.85365853658537	78.57142857142857	21.428571428571427
273	280.0	180.0	71.54471544715447	72.5609756097561	64.44444444444444	35.55555555555556
274	528.0	332.0	46.34146341463415	49.390243902439025	93.97590361445783	6.024096385542169
275	528.0	344.0	46.34146341463415	47.5609756097561	97.67441860465115	2.3255813953488373
276	264.0	160.0	73.17073170731707	75.60975609756098	55.00000000000001	45.0
277	376.0	240.0	61.78861788617886	63.41463414634146	81.66666666666667	18.333333333333332
278	236.0	208.0	76.01626016260163	68.29268292682927	11.538461538461538	88.46153846153845
279	460.0	320.0	53.2520325203252	51.21951219512195	0.0	100.0
280	292.0	188.0	70.32520325203252	71.34146341463415	65.95744680851064	34.04255319148936
281	376.0	224.0	61.78861788617886	65.85365853658537	82.14285714285714	17.857142857142858
282	356.0	224.0	63.82113821138211	65.85365853658537	82.14285714285714	17.857142857142858
283	224.0	196.0	77.23577235772358	70.1219512195122	14.285714285714285	85.71428571428571
284	460.0	320.0	53.2520325203252	51.21951219512195	0.0	100.0
285	280.0	180.0	71.54471544715447	72.5609756097561	64.44444444444444	35.55555555555556
286	524.0	344.0	46.7479674796748	47.5609756097561	95.34883720930233	4.651162790697675
287	444.0	300.0	54.87804878048781	54.268292682926834	0.0	100.0
288	212.0	196.0	78.45528455284553	70.1219512195122	12.244897959183673	87.75510204081633
289	392.0	256.0	60.16260162601627	60.97560975609756	84.375	15.625
290	272.0	156.0	72.35772357723577	76.21951219512195	48.717948717948715	51.28205128205128
291	388.0	276.0	60.56910569105691	57.92682926829268	0.0	100.0
292	204.0	188.0	79.26829268292683	71.34146341463415	21.27659574468085	78.72340425531915
293	460.0	320.0	53.2520325203252	51.21951219512195	0.0	100.0
294	464.0	304.0	52.84552845528455	53.65853658536586	89.47368421052632	10.526315789473683
295	356.0	216.0	63.82113821138211	67.07317073170732	81.48148148148148	18.51851851851852
296	460.0	320.0	53.2520325203252	51.21951219512195	0.0	100.0
297	516.0	332.0	47.5609756097561	49.390243902439025	93.97590361445783	6.024096385542169
298	412.0	244.0	58.13008130081301	62.80487804878049	85.24590163934425	14.754098360655737
299	208.0	184.0	78.86178861788618	71.95121951219512	21.73913043478261	78.26086956521739
300	204.0	160.0	79.26829268292683	75.60975609756098	27.500000000000004	72.5
301	216.0	148.0	78.04878048780488	77.4390243902439	29.72972972972973	70.27027027027027
302	196.0	168.0	80.08130081300813	74.39024390243902	23.809523809523807	76.19047619047619
303	248.0	220.0	74.79674796747967	66.46341463414635	10.909090909090908	89.0909090909091
304	408.0	284.0	58.536585365853654	56.70731707317073	0.0	100.0
305	328.0	200.0	66.66666666666666	69.51219512195121	76.0	24.0
306	376.0	236.0	61.78861788617886	64.02439024390245	83.05084745762711	16.94915254237288
307	460.0	320.0	53.2520325203252	51.21951219512195	0.0	100.0
308	300.0	188.0	69.51219512195121	71.34146341463415	74.46808510638297	25.53191489361702
309	524.0	348.0	46.7479674796748	46.95121951219512	95.40229885057471	4.597701149425287
310	524.0	336.0	46.7479674796748	48.78048780487805	100.0	0.0
311	336.0	196.0	65.85365853658537	70.1219512195122	75.51020408163265	24.489795918367346
312	280.0	168.0	71.54471544715447	74.39024390243902	69.04761904761905	30.952380952380953
313	524.0	336.0	46.7479674796748	48.78048780487805	95.23809523809523	4.761904761904762
314	508.0	328.0	48.3739837398374	50.0	92.6829268292683	7.317073170731707
315	232.0	220.0	76.42276422764228	66.46341463414635	9.090909090909092	90.9090909090909
316	280.0	168.0	71.54471544715447	74.39024390243902	64.28571428571429	35.714285714285715
317	460.0	320.0	53.2520325203252	51.21951219512195	0.0	100.0
318	392.0	260.0	60.16260162601627	60.36585365853659	84.61538461538461	15.384615384615385
319	232.0	144.0	76.42276422764228	78.04878048780488	41.66666666666667	58.333333333333336
320	460.0	320.0	53.2520325203252	51.21951219512195	0.0	100.0
321	228.0	144.0	76.82926829268293	78.04878048780488	38.88888888888889	61.111111111111114
322	200.0	140.0	79.67479674796748	78.65853658536585	28.57142857142857	71.42857142857143
323	432.0	280.0	56.09756097560976	57.3170731707317	87.14285714285714	12.857142857142856
324	464.0	300.0	52.84552845528455	54.268292682926834	88.0	12.0
325	284.0	176.0	71.13821138211382	73.17073170731707	61.36363636363637	38.63636363636363
326	272.0	172.0	72.35772357723577	73.78048780487805	53.48837209302325	46.51162790697674
327	524.0	336.0	46.7479674796748	48.78048780487805	94.04761904761905	5.952380952380952
328	408.0	260.0	58.536585365853654	60.36585365853659	86.15384615384616	13.846153846153847
329	456.0	316.0	53.65853658536586	51.829268292682926	0.0	100.0
330	200.0	140.0	79.67479674796748	78.65853658536585	28.57142857142857	71.42857142857143
331	200.0	140.0	79.67479674796748	78.65853658536585	28.57142857142857	71.42857142857143
332	232.0	200.0	76.42276422764228	69.51219512195121	10.0	90.0
333	272.0	164.0	72.35772357723577	75.0	58.536585365853654	41.46341463414634
334	444.0	276.0	54.87804878048781	57.92682926829268	86.95652173913044	13.043478260869565
335	192.0	180.0	80.48780487804879	72.5609756097561	15.555555555555555	84.44444444444444
336	220.0	156.0	77.64227642276423	76.21951219512195	43.58974358974359	56.41025641025641
337	472.0	304.0	52.03252032520326	53.65853658536586	89.47368421052632	10.526315789473683
338	224.0	140.0	77.23577235772358	78.65853658536585	34.285714285714285	65.71428571428571
339	368.0	252.0	62.601626016260155	61.58536585365854	82.53968253968253	17.46031746031746
340	460.0	320.0	53.2520325203252	51.21951219512195	0.0	100.0
341	356.0	268.0	63.82113821138211	59.14634146341463	0.0	100.0
342	384.0	268.0	60.97560975609756	59.14634146341463	83.5820895522388	16.417910447761194
343	272.0	160.0	72.35772357723577	75.60975609756098	65.0	35.0
344	460.0	320.0	53.2520325203252	51.21951219512195	0.0	100.0
345	180.0	148.0	81.70731707317073	77.4390243902439	24.324324324324326	75.67567567567568
346	204.0	188.0	79.26829268292683	71.34146341463415	10.638297872340425	89.36170212765957
347	460.0	320.0	53.2520325203252	51.21951219512195	0.0	100.0
348	176.0	160.0	82.11382113821138	75.60975609756098	20.0	80.0
349	212.0	196.0	78.45528455284553	70.1219512195122	10.204081632653061	89.79591836734694
350	516.0	336.0	47.5609756097561	48.78048780487805	98.80952380952381	1.1904761904761905
351	516.0	336.0	47.5609756097561	48.78048780487805	98.80952380952381	1.1904761904761905
352	520.0	340.0	47.15447154471545	48.170731707317074	96.47058823529412	3.5294117647058822
353	468.0	304.0	52.4390243902439	53.65853658536586	90.78947368421053	9.210526315789473
354	420.0	296.0	57.3170731707317	54.87804878048781	0.0	100.0
355	288.0	184.0	70.73170731707317	71.95121951219512	73.91304347826086	26.08695652173913
356	332.0	204.0	66.26016260162602	68.90243902439023	76.47058823529412	23.52941176470588
357	192.0	144.0	80.48780487804879	78.04878048780488	33.33333333333333	66.66666666666666
358	320.0	240.0	67.47967479674797	63.41463414634146	0.0	100.0
359	336.0	216.0	65.85365853658537	67.07317073170732	79.62962962962963	20.37037037037037
360	448.0	308.0	54.47154471544715	53.04878048780488	89.6103896103896	10.38961038961039
361	168.0	156.0	82.92682926829268	76.21951219512195	20.51282051282051	79.48717948717949
362	260.0	156.0	73.57723577235772	76.21951219512195	58.97435897435898	41.02564102564102
363	412.0	300.0	58.13008130081301	54.268292682926834	0.0	100.0
364	520.0	332.0	47.15447154471545	49.390243902439025	98.79518072289156	1.2048192771084338
365	260.0	152.0	73.57723577235772	76.82926829268293	57.89473684210527	42.10526315789473
366	172.0	168.0	82.52032520325203	74.39024390243902	19.047619047619047	80.95238095238095
367	292.0	184.0	70.32520325203252	71.95121951219512	73.91304347826086	26.08695652173913
368	268.0	168.0	72.76422764227642	74.39024390243902	64.28571428571429	35.714285714285715
369	460.0	320.0	53.2520325203252	51.21951219512195	0.0	100.0
370	236.0	148.0	76.01626016260163	77.4390243902439	48.64864864864865	51.35135135135135
371	384.0	280.0	60.97560975609756	57.3170731707317	0.0	100.0
372	188.0	140.0	80.89430894308943	78.65853658536585	40.0	60.0
373	264.0	160.0	73.17073170731707	75.60975609756098	62.5	37.5
374	460.0	320.0	53.2520325203252	51.21951219512195	0.0	100.0
375	252.0	216.0	74.39024390243902	67.07317073170732	9.25925925925926	90.74074074074075
376	344.0	260.0	65.04065040650406	60.36585365853659	0.0	100.0
377	272.0	216.0	72.35772357723577	67.07317073170732	5.555555555555555	94.44444444444444
378	172.0	172.0	82.52032520325203	73.78048780487805	18.6046511627907	81.3953488372093
379	520.0	344.0	47.15447154471545	47.5609756097561	94.18604651162791	5.813953488372093
380	288.0	184.0	70.73170731707317	71.95121951219512	71.73913043478261	28.26086956521739
381	456.0	316.0	53.65853658536586	51.829268292682926	0.0	100.0
382	252.0	140.0	74.39024390243902	78.65853658536585	54.285714285714285	45.714285714285715
383	176.0	140.0	82.11382113821138	78.65853658536585	28.57142857142857	71.42857142857143
384	392.0	268.0	60.16260162601627	59.14634146341463	83.5820895522388	16.417910447761194
385	464.0	308.0	52.84552845528455	53.04878048780488	92.20779220779221	7.792207792207792
386	184.0	144.0	81.30081300813008	78.04878048780488	25.0	75.0
387	256.0	212.0	73.98373983739837	67.6829268292683	9.433962264150944	90.56603773584906
388	328.0	260.0	66.66666666666666	60.36585365853659	0.0	100.0
389	320.0	256.0	67.47967479674797	60.97560975609756	0.0	100.0
390	456.0	316.0	53.65853658536586	51.829268292682926	0.0	100.0
391	268.0	168.0	72.76422764227642	74.39024390243902	66.66666666666666	33.33333333333333
392	300.0	188.0	69.51219512195121	71.34146341463415	74.46808510638297	25.53191489361702
393	520.0	336.0	47.15447154471545	48.78048780487805	98.80952380952381	1.1904761904761905
394	296.0	188.0	69.91869918699187	71.34146341463415	74.46808510638297	25.53191489361702
395	216.0	188.0	78.04878048780488	71.34146341463415	8.51063829787234	91.48936170212765
396	280.0	184.0	71.54471544715447	71.95121951219512	73.91304347826086	26.08695652173913
397	360.0	236.0	63.41463414634146	64.02439024390245	81.35593220338984	18.64406779661017
398	268.0	172.0	72.76422764227642	73.78048780487805	65.11627906976744	34.883720930232556
399	168.0	184.0	82.92682926829268	71.95121951219512	17.391304347826086	82.6086956521739
400	220.0	132.0	77.64227642276423	79.8780487804878	45.45454545454545	54.54545454545454
401	264.0	160.0	73.17073170731707	75.60975609756098	62.5	37.5
402	316.0	196.0	67.88617886178862	70.1219512195122	77.55102040816327	22.448979591836736
403	460.0	320.0	53.2520325203252	51.21951219512195	0.0	100.0
404	436.0	272.0	55.6910569105691	58.536585365853654	89.70588235294117	10.294117647058822
405	524.0	336.0	46.7479674796748	48.78048780487805	100.0	0.0
406	320.0	224.0	67.47967479674797	65.85365853658537	0.0	100.0
407	384.0	284.0	60.97560975609756	56.70731707317073	0.0	100.0
408	276.0	188.0	71.95121951219512	71.34146341463415	72.3404255319149	27.659574468085108
409	516.0	332.0	47.5609756097561	49.390243902439025	100.0	0.0
410	180.0	184.0	81.70731707317073	71.95121951219512	15.217391304347828	84.78260869565217
411	460.0	320.0	53.2520325203252	51.21951219512195	0.0	100.0
412	200.0	136.0	79.67479674796748	79.26829268292683	41.17647058823529	58.82352941176471
413	440.0	268.0	55.28455284552846	59.14634146341463	91.04477611940298	8.955223880597014
414	460.0	320.0	53.2520325203252	51.21951219512195	0.0	100.0
415	364.0	240.0	63.00813008130082	63.41463414634146	81.66666666666667	18.333333333333332
416	156.0	136.0	84.14634146341463	79.26829268292683	26.47058823529412	73.52941176470588
417	516.0	332.0	47.5609756097561	49.390243902439025	96.3855421686747	3.614457831325301
418	312.0	212.0	68.29268292682927	67.6829268292683	79.24528301886792	20.754716981132077
419	508.0	328.0	48.3739837398374	50.0	95.1219512195122	4.878048780487805
420	188.0	132.0	80.89430894308943	79.8780487804878	39.39393939393939	60.60606060606061
421	400.0	296.0	59.34959349593496	54.87804878048781	0.0	100.0
422	164.0	156.0	83.33333333333334	76.21951219512195	20.51282051282051	79.48717948717949
423	408.0	300.0	58.536585365853654	54.268292682926834	0.0	100.0
424	296.0	236.0	69.91869918699187	64.02439024390245	3.389830508474576	96.61016949152543
425	180.0	176.0	81.70731707317073	73.17073170731707	13.636363636363635	86.36363636363636
426	504.0	316.0	48.78048780487805	51.829268292682926	97.46835443037975	2.5316455696202533
427	224.0	196.0	77.23577235772358	70.1219512195122	10.204081632653061	89.79591836734694
428	372.0	272.0	62.19512195121951	58.536585365853654	0.0	100.0
429	224.0	144.0	77.23577235772358	78.04878048780488	52.77777777777778	47.22222222222222
430	508.0	324.0	48.3739837398374	50.609756097560975	95.06172839506173	4.938271604938271
431	212.0	184.0	78.45528455284553	71.95121951219512	8.695652173913043	91.30434782608695
432	280.0	184.0	71.54471544715447	71.95121951219512	71.73913043478261	28.26086956521739
433	176.0	164.0	82.11382113821138	75.0	17.073170731707318	82.92682926829268
434	516.0	332.0	47.5609756097561	49.390243902439025	100.0	0.0
435	188.0	140.0	80.89430894308943	78.65853658536585	34.285714285714285	65.71428571428571
436	448.0	292.0	54.47154471544715	55.487804878048784	89.04109589041096	10.95890410958904
437	228.0	140.0	76.82926829268293	78.65853658536585	48.57142857142857	51.42857142857142
438	228.0	140.0	76.82926829268293	78.65853658536585	48.57142857142857	51.42857142857142
439	432.0	300.0	56.09756097560976	54.268292682926834	0.0	100.0
440	152.0	140.0	84.5528455284553	78.65853658536585	25.71428571428571	74.28571428571429
441	484.0	304.0	50.81300813008131	53.65853658536586	92.10526315789474	7.894736842105263
442	460.0	320.0	53.2520325203252	51.21951219512195	0.0	100.0
443	172.0	168.0	82.52032520325203	74.39024390243902	14.285714285714285	85.71428571428571
444	272.0	176.0	72.35772357723577	73.17073170731707	68.18181818181817	31.818181818181817
445	460.0	320.0	53.2520325203252	51.21951219512195	0.0	100.0
446	432.0	304.0	56.09756097560976	53.65853658536586	0.0	100.0
447	324.0	232.0	67.07317073170732	64.63414634146342	0.0	100.0
448	396.0	292.0	59.756097560975604	55.487804878048784	0.0	100.0
449	252.0	156.0	74.39024390243902	76.21951219512195	61.53846153846154	38.46153846153847
450	188.0	148.0	80.89430894308943	77.4390243902439	40.54054054054054	59.45945945945946
451	432.0	308.0	56.09756097560976	53.04878048780488	0.0	100.0
452	436.0	308.0	55.6910569105691	53.04878048780488	0.0	100.0
453	220.0	152.0	77.64227642276423	76.82926829268293	52.63157894736842	47.368421052631575
454	456.0	316.0	53.65853658536586	51.829268292682926	0.0	100.0
455	184.0	152.0	81.30081300813008	76.82926829268293	39.473684210526315	60.526315789473685
456	196.0	152.0	80.08130081300813	76.82926829268293	44.73684210526316	55.26315789473685
457	460.0	320.0	53.2520325203252	51.21951219512195	0.0	100.0
458	276.0	188.0	71.95121951219512	71.34146341463415	72.3404255319149	27.659574468085108
459	424.0	304.0	56.91056910569105	53.65853658536586	0.0	100.0
460	516.0	332.0	47.5609756097561	49.390243902439025	98.79518072289156	1.2048192771084338
461	412.0	300.0	58.13008130081301	54.268292682926834	0.0	100.0
462	296.0	216.0	69.91869918699187	67.07317073170732	1.8518518518518516	98.14814814814815
463	168.0	164.0	82.92682926829268	75.0	17.073170731707318	82.92682926829268
464	432.0	296.0	56.09756097560976	54.87804878048781	86.48648648648648	13.513513513513514
465	276.0	192.0	71.95121951219512	70.73170731707317	72.91666666666666	27.083333333333332
466	504.0	320.0	48.78048780487805	51.21951219512195	98.75	1.25
467	388.0	260.0	60.56910569105691	60.36585365853659	83.07692307692308	16.923076923076923
468	216.0	180.0	78.04878048780488	72.5609756097561	8.88888888888889	91.11111111111111
469	212.0	144.0	78.45528455284553	78.04878048780488	50.0	50.0
470	300.0	220.0	69.51219512195121	66.46341463414635	1.8181818181818181	98.18181818181819
471	296.0	196.0	69.91869918699187	70.1219512195122	75.51020408163265	24.489795918367346
472	276.0	192.0	71.95121951219512	70.73170731707317	75.0	25.0
473	148.0	156.0	84.95934959349594	76.21951219512195	20.51282051282051	79.48717948717949
474	292.0	216.0	70.32520325203252	67.07317073170732	1.8518518518518516	98.14814814814815
475	256.0	180.0	73.98373983739837	72.5609756097561	71.11111111111111	28.888888888888886
476	452.0	316.0	54.0650406504065	51.829268292682926	0.0	100.0
477	416.0	296.0	57.72357723577236	54.87804878048781	0.0	100.0
478	188.0	136.0	80.89430894308943	79.26829268292683	38.23529411764706	61.76470588235294
479	460.0	320.0	53.2520325203252	51.21951219512195	0.0	100.0
480	472.0	292.0	52.03252032520326	55.487804878048784	95.8904109589041	4.10958904109589
481	252.0	168.0	74.39024390243902	74.39024390243902	64.28571428571429	35.714285714285715
482	172.0	168.0	82.52032520325203	74.39024390243902	14.285714285714285	85.71428571428571
483	260.0	180.0	73.57723577235772	72.5609756097561	68.88888888888889	31.11111111111111
484	276.0	200.0	71.95121951219512	69.51219512195121	2.0	98.0
485	204.0	176.0	79.26829268292683	73.17073170731707	9.090909090909092	90.9090909090909
486	200.0	172.0	79.67479674796748	73.78048780487805	9.30232558139535	90.69767441860465
487	224.0	156.0	77.23577235772358	76.21951219512195	58.97435897435898	41.02564102564102
488	304.0	208.0	69.10569105691057	68.29268292682927	76.92307692307693	23.076923076923077
489	424.0	296.0	56.91056910569105	54.87804878048781	86.48648648648648	13.513513513513514
490	180.0	140.0	81.70731707317073	78.65853658536585	37.142857142857146	62.857142857142854
491	492.0	324.0	50.0	50.609756097560975	93.82716049382715	6.172839506172839
492	180.0	140.0	81.70731707317073	78.65853658536585	37.142857142857146	62.857142857142854
493	460.0	320.0	53.2520325203252	51.21951219512195	0.0	100.0
494	176.0	144.0	82.11382113821138	78.04878048780488	41.66666666666667	58.333333333333336
495	304.0	224.0	69.10569105691057	65.85365853658537	78.57142857142857	21.428571428571427
496	184.0	152.0	81.30081300813008	76.82926829268293	47.368421052631575	52.63157894736842
497	156.0	136.0	84.14634146341463	79.26829268292683	32.35294117647059	67.64705882352942
498	232.0	152.0	76.42276422764228	76.82926829268293	57.89473684210527	42.10526315789473
499	500.0	324.0	49.1869918699187	50.609756097560975	97.53086419753086	2.4691358024691357
